100
0 0 2000 2000
10 10 1990 1990
20 20 1980 1980
30 30 1970 1970
40 40 1960 1960
50 50 1950 1950
60 60 1940 1940
70 70 1930 1930
80 80 1920 1920
90 90 1910 1910
100 100 1900 1900
110 110 1890 1890
120 120 1880 1880
130 130 1870 1870
140 140 1860 1860
150 150 1850 1850
160 160 1840 1840
170 170 1830 1830
180 180 1820 1820
190 190 1810 1810
200 200 1800 1800
210 210 1790 1790
220 220 1780 1780
230 230 1770 1770
240 240 1760 1760
250 250 1750 1750
260 260 1740 1740
270 270 1730 1730
280 280 1720 1720
290 290 1710 1710
300 300 1700 1700
310 310 1690 1690
320 320 1680 1680
330 330 1670 1670
340 340 1660 1660
350 350 1650 1650
360 360 1640 1640
370 370 1630 1630
380 380 1620 1620
390 390 1610 1610
400 400 1600 1600
410 410 1590 1590
420 420 1580 1580
430 430 1570 1570
440 440 1560 1560
450 450 1550 1550
460 460 1540 1540
470 470 1530 1530
480 480 1520 1520
490 490 1510 1510
500 500 1500 1500
510 510 1490 1490
520 520 1480 1480
530 530 1470 1470
540 540 1460 1460
550 550 1450 1450
560 560 1440 1440
570 570 1430 1430
580 580 1420 1420
590 590 1410 1410
600 600 1400 1400
610 610 1390 1390
620 620 1380 1380
630 630 1370 1370
640 640 1360 1360
650 650 1350 1350
660 660 1340 1340
670 670 1330 1330
680 680 1320 1320
690 690 1310 1310
700 700 1300 1300
710 710 1290 1290
720 720 1280 1280
730 730 1270 1270
740 740 1260 1260
750 750 1250 1250
760 760 1240 1240
770 770 1230 1230
780 780 1220 1220
790 790 1210 1210
800 800 1200 1200
810 810 1190 1190
820 820 1180 1180
830 830 1170 1170
840 840 1160 1160
850 850 1150 1150
860 860 1140 1140
870 870 1130 1130
880 880 1120 1120
890 890 1110 1110
900 900 1100 1100
910 910 1090 1090
920 920 1080 1080
930 930 1070 1070
940 940 1060 1060
950 950 1050 1050
960 960 1040 1040
970 970 1030 1030
980 980 1020 1020
990 990 1010 1010
100
0 0
10 10
20 20
30 30
40 40
50 50
60 60
70 70
80 80
90 90
100 100
110 110
120 120
130 130
140 140
150 150
160 160
170 170
180 180
190 190
200 200
210 210
220 220
230 230
240 240
250 250
260 260
270 270
280 280
290 290
300 300
310 310
320 320
330 330
340 340
350 350
360 360
370 370
380 380
390 390
400 400
410 410
420 420
430 430
440 440
450 450
460 460
470 470
480 480
490 490
500 500
510 510
520 520
530 530
540 540
550 550
560 560
570 570
580 580
590 590
600 600
610 610
620 620
630 630
640 640
650 650
660 660
670 670
680 680
690 690
700 700
710 710
720 720
730 730
740 740
750 750
760 760
770 770
780 780
790 790
800 800
810 810
820 820
830 830
840 840
850 850
860 860
870 870
880 880
890 890
900 900
910 910
920 920
930 930
940 940
950 950
960 960
970 970
980 980
990 990
