1000
0 0 20000 20000
10 10 19990 19990
20 20 19980 19980
30 30 19970 19970
40 40 19960 19960
50 50 19950 19950
60 60 19940 19940
70 70 19930 19930
80 80 19920 19920
90 90 19910 19910
100 100 19900 19900
110 110 19890 19890
120 120 19880 19880
130 130 19870 19870
140 140 19860 19860
150 150 19850 19850
160 160 19840 19840
170 170 19830 19830
180 180 19820 19820
190 190 19810 19810
200 200 19800 19800
210 210 19790 19790
220 220 19780 19780
230 230 19770 19770
240 240 19760 19760
250 250 19750 19750
260 260 19740 19740
270 270 19730 19730
280 280 19720 19720
290 290 19710 19710
300 300 19700 19700
310 310 19690 19690
320 320 19680 19680
330 330 19670 19670
340 340 19660 19660
350 350 19650 19650
360 360 19640 19640
370 370 19630 19630
380 380 19620 19620
390 390 19610 19610
400 400 19600 19600
410 410 19590 19590
420 420 19580 19580
430 430 19570 19570
440 440 19560 19560
450 450 19550 19550
460 460 19540 19540
470 470 19530 19530
480 480 19520 19520
490 490 19510 19510
500 500 19500 19500
510 510 19490 19490
520 520 19480 19480
530 530 19470 19470
540 540 19460 19460
550 550 19450 19450
560 560 19440 19440
570 570 19430 19430
580 580 19420 19420
590 590 19410 19410
600 600 19400 19400
610 610 19390 19390
620 620 19380 19380
630 630 19370 19370
640 640 19360 19360
650 650 19350 19350
660 660 19340 19340
670 670 19330 19330
680 680 19320 19320
690 690 19310 19310
700 700 19300 19300
710 710 19290 19290
720 720 19280 19280
730 730 19270 19270
740 740 19260 19260
750 750 19250 19250
760 760 19240 19240
770 770 19230 19230
780 780 19220 19220
790 790 19210 19210
800 800 19200 19200
810 810 19190 19190
820 820 19180 19180
830 830 19170 19170
840 840 19160 19160
850 850 19150 19150
860 860 19140 19140
870 870 19130 19130
880 880 19120 19120
890 890 19110 19110
900 900 19100 19100
910 910 19090 19090
920 920 19080 19080
930 930 19070 19070
940 940 19060 19060
950 950 19050 19050
960 960 19040 19040
970 970 19030 19030
980 980 19020 19020
990 990 19010 19010
1000 1000 19000 19000
1010 1010 18990 18990
1020 1020 18980 18980
1030 1030 18970 18970
1040 1040 18960 18960
1050 1050 18950 18950
1060 1060 18940 18940
1070 1070 18930 18930
1080 1080 18920 18920
1090 1090 18910 18910
1100 1100 18900 18900
1110 1110 18890 18890
1120 1120 18880 18880
1130 1130 18870 18870
1140 1140 18860 18860
1150 1150 18850 18850
1160 1160 18840 18840
1170 1170 18830 18830
1180 1180 18820 18820
1190 1190 18810 18810
1200 1200 18800 18800
1210 1210 18790 18790
1220 1220 18780 18780
1230 1230 18770 18770
1240 1240 18760 18760
1250 1250 18750 18750
1260 1260 18740 18740
1270 1270 18730 18730
1280 1280 18720 18720
1290 1290 18710 18710
1300 1300 18700 18700
1310 1310 18690 18690
1320 1320 18680 18680
1330 1330 18670 18670
1340 1340 18660 18660
1350 1350 18650 18650
1360 1360 18640 18640
1370 1370 18630 18630
1380 1380 18620 18620
1390 1390 18610 18610
1400 1400 18600 18600
1410 1410 18590 18590
1420 1420 18580 18580
1430 1430 18570 18570
1440 1440 18560 18560
1450 1450 18550 18550
1460 1460 18540 18540
1470 1470 18530 18530
1480 1480 18520 18520
1490 1490 18510 18510
1500 1500 18500 18500
1510 1510 18490 18490
1520 1520 18480 18480
1530 1530 18470 18470
1540 1540 18460 18460
1550 1550 18450 18450
1560 1560 18440 18440
1570 1570 18430 18430
1580 1580 18420 18420
1590 1590 18410 18410
1600 1600 18400 18400
1610 1610 18390 18390
1620 1620 18380 18380
1630 1630 18370 18370
1640 1640 18360 18360
1650 1650 18350 18350
1660 1660 18340 18340
1670 1670 18330 18330
1680 1680 18320 18320
1690 1690 18310 18310
1700 1700 18300 18300
1710 1710 18290 18290
1720 1720 18280 18280
1730 1730 18270 18270
1740 1740 18260 18260
1750 1750 18250 18250
1760 1760 18240 18240
1770 1770 18230 18230
1780 1780 18220 18220
1790 1790 18210 18210
1800 1800 18200 18200
1810 1810 18190 18190
1820 1820 18180 18180
1830 1830 18170 18170
1840 1840 18160 18160
1850 1850 18150 18150
1860 1860 18140 18140
1870 1870 18130 18130
1880 1880 18120 18120
1890 1890 18110 18110
1900 1900 18100 18100
1910 1910 18090 18090
1920 1920 18080 18080
1930 1930 18070 18070
1940 1940 18060 18060
1950 1950 18050 18050
1960 1960 18040 18040
1970 1970 18030 18030
1980 1980 18020 18020
1990 1990 18010 18010
2000 2000 18000 18000
2010 2010 17990 17990
2020 2020 17980 17980
2030 2030 17970 17970
2040 2040 17960 17960
2050 2050 17950 17950
2060 2060 17940 17940
2070 2070 17930 17930
2080 2080 17920 17920
2090 2090 17910 17910
2100 2100 17900 17900
2110 2110 17890 17890
2120 2120 17880 17880
2130 2130 17870 17870
2140 2140 17860 17860
2150 2150 17850 17850
2160 2160 17840 17840
2170 2170 17830 17830
2180 2180 17820 17820
2190 2190 17810 17810
2200 2200 17800 17800
2210 2210 17790 17790
2220 2220 17780 17780
2230 2230 17770 17770
2240 2240 17760 17760
2250 2250 17750 17750
2260 2260 17740 17740
2270 2270 17730 17730
2280 2280 17720 17720
2290 2290 17710 17710
2300 2300 17700 17700
2310 2310 17690 17690
2320 2320 17680 17680
2330 2330 17670 17670
2340 2340 17660 17660
2350 2350 17650 17650
2360 2360 17640 17640
2370 2370 17630 17630
2380 2380 17620 17620
2390 2390 17610 17610
2400 2400 17600 17600
2410 2410 17590 17590
2420 2420 17580 17580
2430 2430 17570 17570
2440 2440 17560 17560
2450 2450 17550 17550
2460 2460 17540 17540
2470 2470 17530 17530
2480 2480 17520 17520
2490 2490 17510 17510
2500 2500 17500 17500
2510 2510 17490 17490
2520 2520 17480 17480
2530 2530 17470 17470
2540 2540 17460 17460
2550 2550 17450 17450
2560 2560 17440 17440
2570 2570 17430 17430
2580 2580 17420 17420
2590 2590 17410 17410
2600 2600 17400 17400
2610 2610 17390 17390
2620 2620 17380 17380
2630 2630 17370 17370
2640 2640 17360 17360
2650 2650 17350 17350
2660 2660 17340 17340
2670 2670 17330 17330
2680 2680 17320 17320
2690 2690 17310 17310
2700 2700 17300 17300
2710 2710 17290 17290
2720 2720 17280 17280
2730 2730 17270 17270
2740 2740 17260 17260
2750 2750 17250 17250
2760 2760 17240 17240
2770 2770 17230 17230
2780 2780 17220 17220
2790 2790 17210 17210
2800 2800 17200 17200
2810 2810 17190 17190
2820 2820 17180 17180
2830 2830 17170 17170
2840 2840 17160 17160
2850 2850 17150 17150
2860 2860 17140 17140
2870 2870 17130 17130
2880 2880 17120 17120
2890 2890 17110 17110
2900 2900 17100 17100
2910 2910 17090 17090
2920 2920 17080 17080
2930 2930 17070 17070
2940 2940 17060 17060
2950 2950 17050 17050
2960 2960 17040 17040
2970 2970 17030 17030
2980 2980 17020 17020
2990 2990 17010 17010
3000 3000 17000 17000
3010 3010 16990 16990
3020 3020 16980 16980
3030 3030 16970 16970
3040 3040 16960 16960
3050 3050 16950 16950
3060 3060 16940 16940
3070 3070 16930 16930
3080 3080 16920 16920
3090 3090 16910 16910
3100 3100 16900 16900
3110 3110 16890 16890
3120 3120 16880 16880
3130 3130 16870 16870
3140 3140 16860 16860
3150 3150 16850 16850
3160 3160 16840 16840
3170 3170 16830 16830
3180 3180 16820 16820
3190 3190 16810 16810
3200 3200 16800 16800
3210 3210 16790 16790
3220 3220 16780 16780
3230 3230 16770 16770
3240 3240 16760 16760
3250 3250 16750 16750
3260 3260 16740 16740
3270 3270 16730 16730
3280 3280 16720 16720
3290 3290 16710 16710
3300 3300 16700 16700
3310 3310 16690 16690
3320 3320 16680 16680
3330 3330 16670 16670
3340 3340 16660 16660
3350 3350 16650 16650
3360 3360 16640 16640
3370 3370 16630 16630
3380 3380 16620 16620
3390 3390 16610 16610
3400 3400 16600 16600
3410 3410 16590 16590
3420 3420 16580 16580
3430 3430 16570 16570
3440 3440 16560 16560
3450 3450 16550 16550
3460 3460 16540 16540
3470 3470 16530 16530
3480 3480 16520 16520
3490 3490 16510 16510
3500 3500 16500 16500
3510 3510 16490 16490
3520 3520 16480 16480
3530 3530 16470 16470
3540 3540 16460 16460
3550 3550 16450 16450
3560 3560 16440 16440
3570 3570 16430 16430
3580 3580 16420 16420
3590 3590 16410 16410
3600 3600 16400 16400
3610 3610 16390 16390
3620 3620 16380 16380
3630 3630 16370 16370
3640 3640 16360 16360
3650 3650 16350 16350
3660 3660 16340 16340
3670 3670 16330 16330
3680 3680 16320 16320
3690 3690 16310 16310
3700 3700 16300 16300
3710 3710 16290 16290
3720 3720 16280 16280
3730 3730 16270 16270
3740 3740 16260 16260
3750 3750 16250 16250
3760 3760 16240 16240
3770 3770 16230 16230
3780 3780 16220 16220
3790 3790 16210 16210
3800 3800 16200 16200
3810 3810 16190 16190
3820 3820 16180 16180
3830 3830 16170 16170
3840 3840 16160 16160
3850 3850 16150 16150
3860 3860 16140 16140
3870 3870 16130 16130
3880 3880 16120 16120
3890 3890 16110 16110
3900 3900 16100 16100
3910 3910 16090 16090
3920 3920 16080 16080
3930 3930 16070 16070
3940 3940 16060 16060
3950 3950 16050 16050
3960 3960 16040 16040
3970 3970 16030 16030
3980 3980 16020 16020
3990 3990 16010 16010
4000 4000 16000 16000
4010 4010 15990 15990
4020 4020 15980 15980
4030 4030 15970 15970
4040 4040 15960 15960
4050 4050 15950 15950
4060 4060 15940 15940
4070 4070 15930 15930
4080 4080 15920 15920
4090 4090 15910 15910
4100 4100 15900 15900
4110 4110 15890 15890
4120 4120 15880 15880
4130 4130 15870 15870
4140 4140 15860 15860
4150 4150 15850 15850
4160 4160 15840 15840
4170 4170 15830 15830
4180 4180 15820 15820
4190 4190 15810 15810
4200 4200 15800 15800
4210 4210 15790 15790
4220 4220 15780 15780
4230 4230 15770 15770
4240 4240 15760 15760
4250 4250 15750 15750
4260 4260 15740 15740
4270 4270 15730 15730
4280 4280 15720 15720
4290 4290 15710 15710
4300 4300 15700 15700
4310 4310 15690 15690
4320 4320 15680 15680
4330 4330 15670 15670
4340 4340 15660 15660
4350 4350 15650 15650
4360 4360 15640 15640
4370 4370 15630 15630
4380 4380 15620 15620
4390 4390 15610 15610
4400 4400 15600 15600
4410 4410 15590 15590
4420 4420 15580 15580
4430 4430 15570 15570
4440 4440 15560 15560
4450 4450 15550 15550
4460 4460 15540 15540
4470 4470 15530 15530
4480 4480 15520 15520
4490 4490 15510 15510
4500 4500 15500 15500
4510 4510 15490 15490
4520 4520 15480 15480
4530 4530 15470 15470
4540 4540 15460 15460
4550 4550 15450 15450
4560 4560 15440 15440
4570 4570 15430 15430
4580 4580 15420 15420
4590 4590 15410 15410
4600 4600 15400 15400
4610 4610 15390 15390
4620 4620 15380 15380
4630 4630 15370 15370
4640 4640 15360 15360
4650 4650 15350 15350
4660 4660 15340 15340
4670 4670 15330 15330
4680 4680 15320 15320
4690 4690 15310 15310
4700 4700 15300 15300
4710 4710 15290 15290
4720 4720 15280 15280
4730 4730 15270 15270
4740 4740 15260 15260
4750 4750 15250 15250
4760 4760 15240 15240
4770 4770 15230 15230
4780 4780 15220 15220
4790 4790 15210 15210
4800 4800 15200 15200
4810 4810 15190 15190
4820 4820 15180 15180
4830 4830 15170 15170
4840 4840 15160 15160
4850 4850 15150 15150
4860 4860 15140 15140
4870 4870 15130 15130
4880 4880 15120 15120
4890 4890 15110 15110
4900 4900 15100 15100
4910 4910 15090 15090
4920 4920 15080 15080
4930 4930 15070 15070
4940 4940 15060 15060
4950 4950 15050 15050
4960 4960 15040 15040
4970 4970 15030 15030
4980 4980 15020 15020
4990 4990 15010 15010
5000 5000 15000 15000
5010 5010 14990 14990
5020 5020 14980 14980
5030 5030 14970 14970
5040 5040 14960 14960
5050 5050 14950 14950
5060 5060 14940 14940
5070 5070 14930 14930
5080 5080 14920 14920
5090 5090 14910 14910
5100 5100 14900 14900
5110 5110 14890 14890
5120 5120 14880 14880
5130 5130 14870 14870
5140 5140 14860 14860
5150 5150 14850 14850
5160 5160 14840 14840
5170 5170 14830 14830
5180 5180 14820 14820
5190 5190 14810 14810
5200 5200 14800 14800
5210 5210 14790 14790
5220 5220 14780 14780
5230 5230 14770 14770
5240 5240 14760 14760
5250 5250 14750 14750
5260 5260 14740 14740
5270 5270 14730 14730
5280 5280 14720 14720
5290 5290 14710 14710
5300 5300 14700 14700
5310 5310 14690 14690
5320 5320 14680 14680
5330 5330 14670 14670
5340 5340 14660 14660
5350 5350 14650 14650
5360 5360 14640 14640
5370 5370 14630 14630
5380 5380 14620 14620
5390 5390 14610 14610
5400 5400 14600 14600
5410 5410 14590 14590
5420 5420 14580 14580
5430 5430 14570 14570
5440 5440 14560 14560
5450 5450 14550 14550
5460 5460 14540 14540
5470 5470 14530 14530
5480 5480 14520 14520
5490 5490 14510 14510
5500 5500 14500 14500
5510 5510 14490 14490
5520 5520 14480 14480
5530 5530 14470 14470
5540 5540 14460 14460
5550 5550 14450 14450
5560 5560 14440 14440
5570 5570 14430 14430
5580 5580 14420 14420
5590 5590 14410 14410
5600 5600 14400 14400
5610 5610 14390 14390
5620 5620 14380 14380
5630 5630 14370 14370
5640 5640 14360 14360
5650 5650 14350 14350
5660 5660 14340 14340
5670 5670 14330 14330
5680 5680 14320 14320
5690 5690 14310 14310
5700 5700 14300 14300
5710 5710 14290 14290
5720 5720 14280 14280
5730 5730 14270 14270
5740 5740 14260 14260
5750 5750 14250 14250
5760 5760 14240 14240
5770 5770 14230 14230
5780 5780 14220 14220
5790 5790 14210 14210
5800 5800 14200 14200
5810 5810 14190 14190
5820 5820 14180 14180
5830 5830 14170 14170
5840 5840 14160 14160
5850 5850 14150 14150
5860 5860 14140 14140
5870 5870 14130 14130
5880 5880 14120 14120
5890 5890 14110 14110
5900 5900 14100 14100
5910 5910 14090 14090
5920 5920 14080 14080
5930 5930 14070 14070
5940 5940 14060 14060
5950 5950 14050 14050
5960 5960 14040 14040
5970 5970 14030 14030
5980 5980 14020 14020
5990 5990 14010 14010
6000 6000 14000 14000
6010 6010 13990 13990
6020 6020 13980 13980
6030 6030 13970 13970
6040 6040 13960 13960
6050 6050 13950 13950
6060 6060 13940 13940
6070 6070 13930 13930
6080 6080 13920 13920
6090 6090 13910 13910
6100 6100 13900 13900
6110 6110 13890 13890
6120 6120 13880 13880
6130 6130 13870 13870
6140 6140 13860 13860
6150 6150 13850 13850
6160 6160 13840 13840
6170 6170 13830 13830
6180 6180 13820 13820
6190 6190 13810 13810
6200 6200 13800 13800
6210 6210 13790 13790
6220 6220 13780 13780
6230 6230 13770 13770
6240 6240 13760 13760
6250 6250 13750 13750
6260 6260 13740 13740
6270 6270 13730 13730
6280 6280 13720 13720
6290 6290 13710 13710
6300 6300 13700 13700
6310 6310 13690 13690
6320 6320 13680 13680
6330 6330 13670 13670
6340 6340 13660 13660
6350 6350 13650 13650
6360 6360 13640 13640
6370 6370 13630 13630
6380 6380 13620 13620
6390 6390 13610 13610
6400 6400 13600 13600
6410 6410 13590 13590
6420 6420 13580 13580
6430 6430 13570 13570
6440 6440 13560 13560
6450 6450 13550 13550
6460 6460 13540 13540
6470 6470 13530 13530
6480 6480 13520 13520
6490 6490 13510 13510
6500 6500 13500 13500
6510 6510 13490 13490
6520 6520 13480 13480
6530 6530 13470 13470
6540 6540 13460 13460
6550 6550 13450 13450
6560 6560 13440 13440
6570 6570 13430 13430
6580 6580 13420 13420
6590 6590 13410 13410
6600 6600 13400 13400
6610 6610 13390 13390
6620 6620 13380 13380
6630 6630 13370 13370
6640 6640 13360 13360
6650 6650 13350 13350
6660 6660 13340 13340
6670 6670 13330 13330
6680 6680 13320 13320
6690 6690 13310 13310
6700 6700 13300 13300
6710 6710 13290 13290
6720 6720 13280 13280
6730 6730 13270 13270
6740 6740 13260 13260
6750 6750 13250 13250
6760 6760 13240 13240
6770 6770 13230 13230
6780 6780 13220 13220
6790 6790 13210 13210
6800 6800 13200 13200
6810 6810 13190 13190
6820 6820 13180 13180
6830 6830 13170 13170
6840 6840 13160 13160
6850 6850 13150 13150
6860 6860 13140 13140
6870 6870 13130 13130
6880 6880 13120 13120
6890 6890 13110 13110
6900 6900 13100 13100
6910 6910 13090 13090
6920 6920 13080 13080
6930 6930 13070 13070
6940 6940 13060 13060
6950 6950 13050 13050
6960 6960 13040 13040
6970 6970 13030 13030
6980 6980 13020 13020
6990 6990 13010 13010
7000 7000 13000 13000
7010 7010 12990 12990
7020 7020 12980 12980
7030 7030 12970 12970
7040 7040 12960 12960
7050 7050 12950 12950
7060 7060 12940 12940
7070 7070 12930 12930
7080 7080 12920 12920
7090 7090 12910 12910
7100 7100 12900 12900
7110 7110 12890 12890
7120 7120 12880 12880
7130 7130 12870 12870
7140 7140 12860 12860
7150 7150 12850 12850
7160 7160 12840 12840
7170 7170 12830 12830
7180 7180 12820 12820
7190 7190 12810 12810
7200 7200 12800 12800
7210 7210 12790 12790
7220 7220 12780 12780
7230 7230 12770 12770
7240 7240 12760 12760
7250 7250 12750 12750
7260 7260 12740 12740
7270 7270 12730 12730
7280 7280 12720 12720
7290 7290 12710 12710
7300 7300 12700 12700
7310 7310 12690 12690
7320 7320 12680 12680
7330 7330 12670 12670
7340 7340 12660 12660
7350 7350 12650 12650
7360 7360 12640 12640
7370 7370 12630 12630
7380 7380 12620 12620
7390 7390 12610 12610
7400 7400 12600 12600
7410 7410 12590 12590
7420 7420 12580 12580
7430 7430 12570 12570
7440 7440 12560 12560
7450 7450 12550 12550
7460 7460 12540 12540
7470 7470 12530 12530
7480 7480 12520 12520
7490 7490 12510 12510
7500 7500 12500 12500
7510 7510 12490 12490
7520 7520 12480 12480
7530 7530 12470 12470
7540 7540 12460 12460
7550 7550 12450 12450
7560 7560 12440 12440
7570 7570 12430 12430
7580 7580 12420 12420
7590 7590 12410 12410
7600 7600 12400 12400
7610 7610 12390 12390
7620 7620 12380 12380
7630 7630 12370 12370
7640 7640 12360 12360
7650 7650 12350 12350
7660 7660 12340 12340
7670 7670 12330 12330
7680 7680 12320 12320
7690 7690 12310 12310
7700 7700 12300 12300
7710 7710 12290 12290
7720 7720 12280 12280
7730 7730 12270 12270
7740 7740 12260 12260
7750 7750 12250 12250
7760 7760 12240 12240
7770 7770 12230 12230
7780 7780 12220 12220
7790 7790 12210 12210
7800 7800 12200 12200
7810 7810 12190 12190
7820 7820 12180 12180
7830 7830 12170 12170
7840 7840 12160 12160
7850 7850 12150 12150
7860 7860 12140 12140
7870 7870 12130 12130
7880 7880 12120 12120
7890 7890 12110 12110
7900 7900 12100 12100
7910 7910 12090 12090
7920 7920 12080 12080
7930 7930 12070 12070
7940 7940 12060 12060
7950 7950 12050 12050
7960 7960 12040 12040
7970 7970 12030 12030
7980 7980 12020 12020
7990 7990 12010 12010
8000 8000 12000 12000
8010 8010 11990 11990
8020 8020 11980 11980
8030 8030 11970 11970
8040 8040 11960 11960
8050 8050 11950 11950
8060 8060 11940 11940
8070 8070 11930 11930
8080 8080 11920 11920
8090 8090 11910 11910
8100 8100 11900 11900
8110 8110 11890 11890
8120 8120 11880 11880
8130 8130 11870 11870
8140 8140 11860 11860
8150 8150 11850 11850
8160 8160 11840 11840
8170 8170 11830 11830
8180 8180 11820 11820
8190 8190 11810 11810
8200 8200 11800 11800
8210 8210 11790 11790
8220 8220 11780 11780
8230 8230 11770 11770
8240 8240 11760 11760
8250 8250 11750 11750
8260 8260 11740 11740
8270 8270 11730 11730
8280 8280 11720 11720
8290 8290 11710 11710
8300 8300 11700 11700
8310 8310 11690 11690
8320 8320 11680 11680
8330 8330 11670 11670
8340 8340 11660 11660
8350 8350 11650 11650
8360 8360 11640 11640
8370 8370 11630 11630
8380 8380 11620 11620
8390 8390 11610 11610
8400 8400 11600 11600
8410 8410 11590 11590
8420 8420 11580 11580
8430 8430 11570 11570
8440 8440 11560 11560
8450 8450 11550 11550
8460 8460 11540 11540
8470 8470 11530 11530
8480 8480 11520 11520
8490 8490 11510 11510
8500 8500 11500 11500
8510 8510 11490 11490
8520 8520 11480 11480
8530 8530 11470 11470
8540 8540 11460 11460
8550 8550 11450 11450
8560 8560 11440 11440
8570 8570 11430 11430
8580 8580 11420 11420
8590 8590 11410 11410
8600 8600 11400 11400
8610 8610 11390 11390
8620 8620 11380 11380
8630 8630 11370 11370
8640 8640 11360 11360
8650 8650 11350 11350
8660 8660 11340 11340
8670 8670 11330 11330
8680 8680 11320 11320
8690 8690 11310 11310
8700 8700 11300 11300
8710 8710 11290 11290
8720 8720 11280 11280
8730 8730 11270 11270
8740 8740 11260 11260
8750 8750 11250 11250
8760 8760 11240 11240
8770 8770 11230 11230
8780 8780 11220 11220
8790 8790 11210 11210
8800 8800 11200 11200
8810 8810 11190 11190
8820 8820 11180 11180
8830 8830 11170 11170
8840 8840 11160 11160
8850 8850 11150 11150
8860 8860 11140 11140
8870 8870 11130 11130
8880 8880 11120 11120
8890 8890 11110 11110
8900 8900 11100 11100
8910 8910 11090 11090
8920 8920 11080 11080
8930 8930 11070 11070
8940 8940 11060 11060
8950 8950 11050 11050
8960 8960 11040 11040
8970 8970 11030 11030
8980 8980 11020 11020
8990 8990 11010 11010
9000 9000 11000 11000
9010 9010 10990 10990
9020 9020 10980 10980
9030 9030 10970 10970
9040 9040 10960 10960
9050 9050 10950 10950
9060 9060 10940 10940
9070 9070 10930 10930
9080 9080 10920 10920
9090 9090 10910 10910
9100 9100 10900 10900
9110 9110 10890 10890
9120 9120 10880 10880
9130 9130 10870 10870
9140 9140 10860 10860
9150 9150 10850 10850
9160 9160 10840 10840
9170 9170 10830 10830
9180 9180 10820 10820
9190 9190 10810 10810
9200 9200 10800 10800
9210 9210 10790 10790
9220 9220 10780 10780
9230 9230 10770 10770
9240 9240 10760 10760
9250 9250 10750 10750
9260 9260 10740 10740
9270 9270 10730 10730
9280 9280 10720 10720
9290 9290 10710 10710
9300 9300 10700 10700
9310 9310 10690 10690
9320 9320 10680 10680
9330 9330 10670 10670
9340 9340 10660 10660
9350 9350 10650 10650
9360 9360 10640 10640
9370 9370 10630 10630
9380 9380 10620 10620
9390 9390 10610 10610
9400 9400 10600 10600
9410 9410 10590 10590
9420 9420 10580 10580
9430 9430 10570 10570
9440 9440 10560 10560
9450 9450 10550 10550
9460 9460 10540 10540
9470 9470 10530 10530
9480 9480 10520 10520
9490 9490 10510 10510
9500 9500 10500 10500
9510 9510 10490 10490
9520 9520 10480 10480
9530 9530 10470 10470
9540 9540 10460 10460
9550 9550 10450 10450
9560 9560 10440 10440
9570 9570 10430 10430
9580 9580 10420 10420
9590 9590 10410 10410
9600 9600 10400 10400
9610 9610 10390 10390
9620 9620 10380 10380
9630 9630 10370 10370
9640 9640 10360 10360
9650 9650 10350 10350
9660 9660 10340 10340
9670 9670 10330 10330
9680 9680 10320 10320
9690 9690 10310 10310
9700 9700 10300 10300
9710 9710 10290 10290
9720 9720 10280 10280
9730 9730 10270 10270
9740 9740 10260 10260
9750 9750 10250 10250
9760 9760 10240 10240
9770 9770 10230 10230
9780 9780 10220 10220
9790 9790 10210 10210
9800 9800 10200 10200
9810 9810 10190 10190
9820 9820 10180 10180
9830 9830 10170 10170
9840 9840 10160 10160
9850 9850 10150 10150
9860 9860 10140 10140
9870 9870 10130 10130
9880 9880 10120 10120
9890 9890 10110 10110
9900 9900 10100 10100
9910 9910 10090 10090
9920 9920 10080 10080
9930 9930 10070 10070
9940 9940 10060 10060
9950 9950 10050 10050
9960 9960 10040 10040
9970 9970 10030 10030
9980 9980 10020 10020
9990 9990 10010 10010
1000
0 0
10 10
20 20
30 30
40 40
50 50
60 60
70 70
80 80
90 90
100 100
110 110
120 120
130 130
140 140
150 150
160 160
170 170
180 180
190 190
200 200
210 210
220 220
230 230
240 240
250 250
260 260
270 270
280 280
290 290
300 300
310 310
320 320
330 330
340 340
350 350
360 360
370 370
380 380
390 390
400 400
410 410
420 420
430 430
440 440
450 450
460 460
470 470
480 480
490 490
500 500
510 510
520 520
530 530
540 540
550 550
560 560
570 570
580 580
590 590
600 600
610 610
620 620
630 630
640 640
650 650
660 660
670 670
680 680
690 690
700 700
710 710
720 720
730 730
740 740
750 750
760 760
770 770
780 780
790 790
800 800
810 810
820 820
830 830
840 840
850 850
860 860
870 870
880 880
890 890
900 900
910 910
920 920
930 930
940 940
950 950
960 960
970 970
980 980
990 990
1000 1000
1010 1010
1020 1020
1030 1030
1040 1040
1050 1050
1060 1060
1070 1070
1080 1080
1090 1090
1100 1100
1110 1110
1120 1120
1130 1130
1140 1140
1150 1150
1160 1160
1170 1170
1180 1180
1190 1190
1200 1200
1210 1210
1220 1220
1230 1230
1240 1240
1250 1250
1260 1260
1270 1270
1280 1280
1290 1290
1300 1300
1310 1310
1320 1320
1330 1330
1340 1340
1350 1350
1360 1360
1370 1370
1380 1380
1390 1390
1400 1400
1410 1410
1420 1420
1430 1430
1440 1440
1450 1450
1460 1460
1470 1470
1480 1480
1490 1490
1500 1500
1510 1510
1520 1520
1530 1530
1540 1540
1550 1550
1560 1560
1570 1570
1580 1580
1590 1590
1600 1600
1610 1610
1620 1620
1630 1630
1640 1640
1650 1650
1660 1660
1670 1670
1680 1680
1690 1690
1700 1700
1710 1710
1720 1720
1730 1730
1740 1740
1750 1750
1760 1760
1770 1770
1780 1780
1790 1790
1800 1800
1810 1810
1820 1820
1830 1830
1840 1840
1850 1850
1860 1860
1870 1870
1880 1880
1890 1890
1900 1900
1910 1910
1920 1920
1930 1930
1940 1940
1950 1950
1960 1960
1970 1970
1980 1980
1990 1990
2000 2000
2010 2010
2020 2020
2030 2030
2040 2040
2050 2050
2060 2060
2070 2070
2080 2080
2090 2090
2100 2100
2110 2110
2120 2120
2130 2130
2140 2140
2150 2150
2160 2160
2170 2170
2180 2180
2190 2190
2200 2200
2210 2210
2220 2220
2230 2230
2240 2240
2250 2250
2260 2260
2270 2270
2280 2280
2290 2290
2300 2300
2310 2310
2320 2320
2330 2330
2340 2340
2350 2350
2360 2360
2370 2370
2380 2380
2390 2390
2400 2400
2410 2410
2420 2420
2430 2430
2440 2440
2450 2450
2460 2460
2470 2470
2480 2480
2490 2490
2500 2500
2510 2510
2520 2520
2530 2530
2540 2540
2550 2550
2560 2560
2570 2570
2580 2580
2590 2590
2600 2600
2610 2610
2620 2620
2630 2630
2640 2640
2650 2650
2660 2660
2670 2670
2680 2680
2690 2690
2700 2700
2710 2710
2720 2720
2730 2730
2740 2740
2750 2750
2760 2760
2770 2770
2780 2780
2790 2790
2800 2800
2810 2810
2820 2820
2830 2830
2840 2840
2850 2850
2860 2860
2870 2870
2880 2880
2890 2890
2900 2900
2910 2910
2920 2920
2930 2930
2940 2940
2950 2950
2960 2960
2970 2970
2980 2980
2990 2990
3000 3000
3010 3010
3020 3020
3030 3030
3040 3040
3050 3050
3060 3060
3070 3070
3080 3080
3090 3090
3100 3100
3110 3110
3120 3120
3130 3130
3140 3140
3150 3150
3160 3160
3170 3170
3180 3180
3190 3190
3200 3200
3210 3210
3220 3220
3230 3230
3240 3240
3250 3250
3260 3260
3270 3270
3280 3280
3290 3290
3300 3300
3310 3310
3320 3320
3330 3330
3340 3340
3350 3350
3360 3360
3370 3370
3380 3380
3390 3390
3400 3400
3410 3410
3420 3420
3430 3430
3440 3440
3450 3450
3460 3460
3470 3470
3480 3480
3490 3490
3500 3500
3510 3510
3520 3520
3530 3530
3540 3540
3550 3550
3560 3560
3570 3570
3580 3580
3590 3590
3600 3600
3610 3610
3620 3620
3630 3630
3640 3640
3650 3650
3660 3660
3670 3670
3680 3680
3690 3690
3700 3700
3710 3710
3720 3720
3730 3730
3740 3740
3750 3750
3760 3760
3770 3770
3780 3780
3790 3790
3800 3800
3810 3810
3820 3820
3830 3830
3840 3840
3850 3850
3860 3860
3870 3870
3880 3880
3890 3890
3900 3900
3910 3910
3920 3920
3930 3930
3940 3940
3950 3950
3960 3960
3970 3970
3980 3980
3990 3990
4000 4000
4010 4010
4020 4020
4030 4030
4040 4040
4050 4050
4060 4060
4070 4070
4080 4080
4090 4090
4100 4100
4110 4110
4120 4120
4130 4130
4140 4140
4150 4150
4160 4160
4170 4170
4180 4180
4190 4190
4200 4200
4210 4210
4220 4220
4230 4230
4240 4240
4250 4250
4260 4260
4270 4270
4280 4280
4290 4290
4300 4300
4310 4310
4320 4320
4330 4330
4340 4340
4350 4350
4360 4360
4370 4370
4380 4380
4390 4390
4400 4400
4410 4410
4420 4420
4430 4430
4440 4440
4450 4450
4460 4460
4470 4470
4480 4480
4490 4490
4500 4500
4510 4510
4520 4520
4530 4530
4540 4540
4550 4550
4560 4560
4570 4570
4580 4580
4590 4590
4600 4600
4610 4610
4620 4620
4630 4630
4640 4640
4650 4650
4660 4660
4670 4670
4680 4680
4690 4690
4700 4700
4710 4710
4720 4720
4730 4730
4740 4740
4750 4750
4760 4760
4770 4770
4780 4780
4790 4790
4800 4800
4810 4810
4820 4820
4830 4830
4840 4840
4850 4850
4860 4860
4870 4870
4880 4880
4890 4890
4900 4900
4910 4910
4920 4920
4930 4930
4940 4940
4950 4950
4960 4960
4970 4970
4980 4980
4990 4990
5000 5000
5010 5010
5020 5020
5030 5030
5040 5040
5050 5050
5060 5060
5070 5070
5080 5080
5090 5090
5100 5100
5110 5110
5120 5120
5130 5130
5140 5140
5150 5150
5160 5160
5170 5170
5180 5180
5190 5190
5200 5200
5210 5210
5220 5220
5230 5230
5240 5240
5250 5250
5260 5260
5270 5270
5280 5280
5290 5290
5300 5300
5310 5310
5320 5320
5330 5330
5340 5340
5350 5350
5360 5360
5370 5370
5380 5380
5390 5390
5400 5400
5410 5410
5420 5420
5430 5430
5440 5440
5450 5450
5460 5460
5470 5470
5480 5480
5490 5490
5500 5500
5510 5510
5520 5520
5530 5530
5540 5540
5550 5550
5560 5560
5570 5570
5580 5580
5590 5590
5600 5600
5610 5610
5620 5620
5630 5630
5640 5640
5650 5650
5660 5660
5670 5670
5680 5680
5690 5690
5700 5700
5710 5710
5720 5720
5730 5730
5740 5740
5750 5750
5760 5760
5770 5770
5780 5780
5790 5790
5800 5800
5810 5810
5820 5820
5830 5830
5840 5840
5850 5850
5860 5860
5870 5870
5880 5880
5890 5890
5900 5900
5910 5910
5920 5920
5930 5930
5940 5940
5950 5950
5960 5960
5970 5970
5980 5980
5990 5990
6000 6000
6010 6010
6020 6020
6030 6030
6040 6040
6050 6050
6060 6060
6070 6070
6080 6080
6090 6090
6100 6100
6110 6110
6120 6120
6130 6130
6140 6140
6150 6150
6160 6160
6170 6170
6180 6180
6190 6190
6200 6200
6210 6210
6220 6220
6230 6230
6240 6240
6250 6250
6260 6260
6270 6270
6280 6280
6290 6290
6300 6300
6310 6310
6320 6320
6330 6330
6340 6340
6350 6350
6360 6360
6370 6370
6380 6380
6390 6390
6400 6400
6410 6410
6420 6420
6430 6430
6440 6440
6450 6450
6460 6460
6470 6470
6480 6480
6490 6490
6500 6500
6510 6510
6520 6520
6530 6530
6540 6540
6550 6550
6560 6560
6570 6570
6580 6580
6590 6590
6600 6600
6610 6610
6620 6620
6630 6630
6640 6640
6650 6650
6660 6660
6670 6670
6680 6680
6690 6690
6700 6700
6710 6710
6720 6720
6730 6730
6740 6740
6750 6750
6760 6760
6770 6770
6780 6780
6790 6790
6800 6800
6810 6810
6820 6820
6830 6830
6840 6840
6850 6850
6860 6860
6870 6870
6880 6880
6890 6890
6900 6900
6910 6910
6920 6920
6930 6930
6940 6940
6950 6950
6960 6960
6970 6970
6980 6980
6990 6990
7000 7000
7010 7010
7020 7020
7030 7030
7040 7040
7050 7050
7060 7060
7070 7070
7080 7080
7090 7090
7100 7100
7110 7110
7120 7120
7130 7130
7140 7140
7150 7150
7160 7160
7170 7170
7180 7180
7190 7190
7200 7200
7210 7210
7220 7220
7230 7230
7240 7240
7250 7250
7260 7260
7270 7270
7280 7280
7290 7290
7300 7300
7310 7310
7320 7320
7330 7330
7340 7340
7350 7350
7360 7360
7370 7370
7380 7380
7390 7390
7400 7400
7410 7410
7420 7420
7430 7430
7440 7440
7450 7450
7460 7460
7470 7470
7480 7480
7490 7490
7500 7500
7510 7510
7520 7520
7530 7530
7540 7540
7550 7550
7560 7560
7570 7570
7580 7580
7590 7590
7600 7600
7610 7610
7620 7620
7630 7630
7640 7640
7650 7650
7660 7660
7670 7670
7680 7680
7690 7690
7700 7700
7710 7710
7720 7720
7730 7730
7740 7740
7750 7750
7760 7760
7770 7770
7780 7780
7790 7790
7800 7800
7810 7810
7820 7820
7830 7830
7840 7840
7850 7850
7860 7860
7870 7870
7880 7880
7890 7890
7900 7900
7910 7910
7920 7920
7930 7930
7940 7940
7950 7950
7960 7960
7970 7970
7980 7980
7990 7990
8000 8000
8010 8010
8020 8020
8030 8030
8040 8040
8050 8050
8060 8060
8070 8070
8080 8080
8090 8090
8100 8100
8110 8110
8120 8120
8130 8130
8140 8140
8150 8150
8160 8160
8170 8170
8180 8180
8190 8190
8200 8200
8210 8210
8220 8220
8230 8230
8240 8240
8250 8250
8260 8260
8270 8270
8280 8280
8290 8290
8300 8300
8310 8310
8320 8320
8330 8330
8340 8340
8350 8350
8360 8360
8370 8370
8380 8380
8390 8390
8400 8400
8410 8410
8420 8420
8430 8430
8440 8440
8450 8450
8460 8460
8470 8470
8480 8480
8490 8490
8500 8500
8510 8510
8520 8520
8530 8530
8540 8540
8550 8550
8560 8560
8570 8570
8580 8580
8590 8590
8600 8600
8610 8610
8620 8620
8630 8630
8640 8640
8650 8650
8660 8660
8670 8670
8680 8680
8690 8690
8700 8700
8710 8710
8720 8720
8730 8730
8740 8740
8750 8750
8760 8760
8770 8770
8780 8780
8790 8790
8800 8800
8810 8810
8820 8820
8830 8830
8840 8840
8850 8850
8860 8860
8870 8870
8880 8880
8890 8890
8900 8900
8910 8910
8920 8920
8930 8930
8940 8940
8950 8950
8960 8960
8970 8970
8980 8980
8990 8990
9000 9000
9010 9010
9020 9020
9030 9030
9040 9040
9050 9050
9060 9060
9070 9070
9080 9080
9090 9090
9100 9100
9110 9110
9120 9120
9130 9130
9140 9140
9150 9150
9160 9160
9170 9170
9180 9180
9190 9190
9200 9200
9210 9210
9220 9220
9230 9230
9240 9240
9250 9250
9260 9260
9270 9270
9280 9280
9290 9290
9300 9300
9310 9310
9320 9320
9330 9330
9340 9340
9350 9350
9360 9360
9370 9370
9380 9380
9390 9390
9400 9400
9410 9410
9420 9420
9430 9430
9440 9440
9450 9450
9460 9460
9470 9470
9480 9480
9490 9490
9500 9500
9510 9510
9520 9520
9530 9530
9540 9540
9550 9550
9560 9560
9570 9570
9580 9580
9590 9590
9600 9600
9610 9610
9620 9620
9630 9630
9640 9640
9650 9650
9660 9660
9670 9670
9680 9680
9690 9690
9700 9700
9710 9710
9720 9720
9730 9730
9740 9740
9750 9750
9760 9760
9770 9770
9780 9780
9790 9790
9800 9800
9810 9810
9820 9820
9830 9830
9840 9840
9850 9850
9860 9860
9870 9870
9880 9880
9890 9890
9900 9900
9910 9910
9920 9920
9930 9930
9940 9940
9950 9950
9960 9960
9970 9970
9980 9980
9990 9990
