2000
0 0 40000 40000
10 10 39990 39990
20 20 39980 39980
30 30 39970 39970
40 40 39960 39960
50 50 39950 39950
60 60 39940 39940
70 70 39930 39930
80 80 39920 39920
90 90 39910 39910
100 100 39900 39900
110 110 39890 39890
120 120 39880 39880
130 130 39870 39870
140 140 39860 39860
150 150 39850 39850
160 160 39840 39840
170 170 39830 39830
180 180 39820 39820
190 190 39810 39810
200 200 39800 39800
210 210 39790 39790
220 220 39780 39780
230 230 39770 39770
240 240 39760 39760
250 250 39750 39750
260 260 39740 39740
270 270 39730 39730
280 280 39720 39720
290 290 39710 39710
300 300 39700 39700
310 310 39690 39690
320 320 39680 39680
330 330 39670 39670
340 340 39660 39660
350 350 39650 39650
360 360 39640 39640
370 370 39630 39630
380 380 39620 39620
390 390 39610 39610
400 400 39600 39600
410 410 39590 39590
420 420 39580 39580
430 430 39570 39570
440 440 39560 39560
450 450 39550 39550
460 460 39540 39540
470 470 39530 39530
480 480 39520 39520
490 490 39510 39510
500 500 39500 39500
510 510 39490 39490
520 520 39480 39480
530 530 39470 39470
540 540 39460 39460
550 550 39450 39450
560 560 39440 39440
570 570 39430 39430
580 580 39420 39420
590 590 39410 39410
600 600 39400 39400
610 610 39390 39390
620 620 39380 39380
630 630 39370 39370
640 640 39360 39360
650 650 39350 39350
660 660 39340 39340
670 670 39330 39330
680 680 39320 39320
690 690 39310 39310
700 700 39300 39300
710 710 39290 39290
720 720 39280 39280
730 730 39270 39270
740 740 39260 39260
750 750 39250 39250
760 760 39240 39240
770 770 39230 39230
780 780 39220 39220
790 790 39210 39210
800 800 39200 39200
810 810 39190 39190
820 820 39180 39180
830 830 39170 39170
840 840 39160 39160
850 850 39150 39150
860 860 39140 39140
870 870 39130 39130
880 880 39120 39120
890 890 39110 39110
900 900 39100 39100
910 910 39090 39090
920 920 39080 39080
930 930 39070 39070
940 940 39060 39060
950 950 39050 39050
960 960 39040 39040
970 970 39030 39030
980 980 39020 39020
990 990 39010 39010
1000 1000 39000 39000
1010 1010 38990 38990
1020 1020 38980 38980
1030 1030 38970 38970
1040 1040 38960 38960
1050 1050 38950 38950
1060 1060 38940 38940
1070 1070 38930 38930
1080 1080 38920 38920
1090 1090 38910 38910
1100 1100 38900 38900
1110 1110 38890 38890
1120 1120 38880 38880
1130 1130 38870 38870
1140 1140 38860 38860
1150 1150 38850 38850
1160 1160 38840 38840
1170 1170 38830 38830
1180 1180 38820 38820
1190 1190 38810 38810
1200 1200 38800 38800
1210 1210 38790 38790
1220 1220 38780 38780
1230 1230 38770 38770
1240 1240 38760 38760
1250 1250 38750 38750
1260 1260 38740 38740
1270 1270 38730 38730
1280 1280 38720 38720
1290 1290 38710 38710
1300 1300 38700 38700
1310 1310 38690 38690
1320 1320 38680 38680
1330 1330 38670 38670
1340 1340 38660 38660
1350 1350 38650 38650
1360 1360 38640 38640
1370 1370 38630 38630
1380 1380 38620 38620
1390 1390 38610 38610
1400 1400 38600 38600
1410 1410 38590 38590
1420 1420 38580 38580
1430 1430 38570 38570
1440 1440 38560 38560
1450 1450 38550 38550
1460 1460 38540 38540
1470 1470 38530 38530
1480 1480 38520 38520
1490 1490 38510 38510
1500 1500 38500 38500
1510 1510 38490 38490
1520 1520 38480 38480
1530 1530 38470 38470
1540 1540 38460 38460
1550 1550 38450 38450
1560 1560 38440 38440
1570 1570 38430 38430
1580 1580 38420 38420
1590 1590 38410 38410
1600 1600 38400 38400
1610 1610 38390 38390
1620 1620 38380 38380
1630 1630 38370 38370
1640 1640 38360 38360
1650 1650 38350 38350
1660 1660 38340 38340
1670 1670 38330 38330
1680 1680 38320 38320
1690 1690 38310 38310
1700 1700 38300 38300
1710 1710 38290 38290
1720 1720 38280 38280
1730 1730 38270 38270
1740 1740 38260 38260
1750 1750 38250 38250
1760 1760 38240 38240
1770 1770 38230 38230
1780 1780 38220 38220
1790 1790 38210 38210
1800 1800 38200 38200
1810 1810 38190 38190
1820 1820 38180 38180
1830 1830 38170 38170
1840 1840 38160 38160
1850 1850 38150 38150
1860 1860 38140 38140
1870 1870 38130 38130
1880 1880 38120 38120
1890 1890 38110 38110
1900 1900 38100 38100
1910 1910 38090 38090
1920 1920 38080 38080
1930 1930 38070 38070
1940 1940 38060 38060
1950 1950 38050 38050
1960 1960 38040 38040
1970 1970 38030 38030
1980 1980 38020 38020
1990 1990 38010 38010
2000 2000 38000 38000
2010 2010 37990 37990
2020 2020 37980 37980
2030 2030 37970 37970
2040 2040 37960 37960
2050 2050 37950 37950
2060 2060 37940 37940
2070 2070 37930 37930
2080 2080 37920 37920
2090 2090 37910 37910
2100 2100 37900 37900
2110 2110 37890 37890
2120 2120 37880 37880
2130 2130 37870 37870
2140 2140 37860 37860
2150 2150 37850 37850
2160 2160 37840 37840
2170 2170 37830 37830
2180 2180 37820 37820
2190 2190 37810 37810
2200 2200 37800 37800
2210 2210 37790 37790
2220 2220 37780 37780
2230 2230 37770 37770
2240 2240 37760 37760
2250 2250 37750 37750
2260 2260 37740 37740
2270 2270 37730 37730
2280 2280 37720 37720
2290 2290 37710 37710
2300 2300 37700 37700
2310 2310 37690 37690
2320 2320 37680 37680
2330 2330 37670 37670
2340 2340 37660 37660
2350 2350 37650 37650
2360 2360 37640 37640
2370 2370 37630 37630
2380 2380 37620 37620
2390 2390 37610 37610
2400 2400 37600 37600
2410 2410 37590 37590
2420 2420 37580 37580
2430 2430 37570 37570
2440 2440 37560 37560
2450 2450 37550 37550
2460 2460 37540 37540
2470 2470 37530 37530
2480 2480 37520 37520
2490 2490 37510 37510
2500 2500 37500 37500
2510 2510 37490 37490
2520 2520 37480 37480
2530 2530 37470 37470
2540 2540 37460 37460
2550 2550 37450 37450
2560 2560 37440 37440
2570 2570 37430 37430
2580 2580 37420 37420
2590 2590 37410 37410
2600 2600 37400 37400
2610 2610 37390 37390
2620 2620 37380 37380
2630 2630 37370 37370
2640 2640 37360 37360
2650 2650 37350 37350
2660 2660 37340 37340
2670 2670 37330 37330
2680 2680 37320 37320
2690 2690 37310 37310
2700 2700 37300 37300
2710 2710 37290 37290
2720 2720 37280 37280
2730 2730 37270 37270
2740 2740 37260 37260
2750 2750 37250 37250
2760 2760 37240 37240
2770 2770 37230 37230
2780 2780 37220 37220
2790 2790 37210 37210
2800 2800 37200 37200
2810 2810 37190 37190
2820 2820 37180 37180
2830 2830 37170 37170
2840 2840 37160 37160
2850 2850 37150 37150
2860 2860 37140 37140
2870 2870 37130 37130
2880 2880 37120 37120
2890 2890 37110 37110
2900 2900 37100 37100
2910 2910 37090 37090
2920 2920 37080 37080
2930 2930 37070 37070
2940 2940 37060 37060
2950 2950 37050 37050
2960 2960 37040 37040
2970 2970 37030 37030
2980 2980 37020 37020
2990 2990 37010 37010
3000 3000 37000 37000
3010 3010 36990 36990
3020 3020 36980 36980
3030 3030 36970 36970
3040 3040 36960 36960
3050 3050 36950 36950
3060 3060 36940 36940
3070 3070 36930 36930
3080 3080 36920 36920
3090 3090 36910 36910
3100 3100 36900 36900
3110 3110 36890 36890
3120 3120 36880 36880
3130 3130 36870 36870
3140 3140 36860 36860
3150 3150 36850 36850
3160 3160 36840 36840
3170 3170 36830 36830
3180 3180 36820 36820
3190 3190 36810 36810
3200 3200 36800 36800
3210 3210 36790 36790
3220 3220 36780 36780
3230 3230 36770 36770
3240 3240 36760 36760
3250 3250 36750 36750
3260 3260 36740 36740
3270 3270 36730 36730
3280 3280 36720 36720
3290 3290 36710 36710
3300 3300 36700 36700
3310 3310 36690 36690
3320 3320 36680 36680
3330 3330 36670 36670
3340 3340 36660 36660
3350 3350 36650 36650
3360 3360 36640 36640
3370 3370 36630 36630
3380 3380 36620 36620
3390 3390 36610 36610
3400 3400 36600 36600
3410 3410 36590 36590
3420 3420 36580 36580
3430 3430 36570 36570
3440 3440 36560 36560
3450 3450 36550 36550
3460 3460 36540 36540
3470 3470 36530 36530
3480 3480 36520 36520
3490 3490 36510 36510
3500 3500 36500 36500
3510 3510 36490 36490
3520 3520 36480 36480
3530 3530 36470 36470
3540 3540 36460 36460
3550 3550 36450 36450
3560 3560 36440 36440
3570 3570 36430 36430
3580 3580 36420 36420
3590 3590 36410 36410
3600 3600 36400 36400
3610 3610 36390 36390
3620 3620 36380 36380
3630 3630 36370 36370
3640 3640 36360 36360
3650 3650 36350 36350
3660 3660 36340 36340
3670 3670 36330 36330
3680 3680 36320 36320
3690 3690 36310 36310
3700 3700 36300 36300
3710 3710 36290 36290
3720 3720 36280 36280
3730 3730 36270 36270
3740 3740 36260 36260
3750 3750 36250 36250
3760 3760 36240 36240
3770 3770 36230 36230
3780 3780 36220 36220
3790 3790 36210 36210
3800 3800 36200 36200
3810 3810 36190 36190
3820 3820 36180 36180
3830 3830 36170 36170
3840 3840 36160 36160
3850 3850 36150 36150
3860 3860 36140 36140
3870 3870 36130 36130
3880 3880 36120 36120
3890 3890 36110 36110
3900 3900 36100 36100
3910 3910 36090 36090
3920 3920 36080 36080
3930 3930 36070 36070
3940 3940 36060 36060
3950 3950 36050 36050
3960 3960 36040 36040
3970 3970 36030 36030
3980 3980 36020 36020
3990 3990 36010 36010
4000 4000 36000 36000
4010 4010 35990 35990
4020 4020 35980 35980
4030 4030 35970 35970
4040 4040 35960 35960
4050 4050 35950 35950
4060 4060 35940 35940
4070 4070 35930 35930
4080 4080 35920 35920
4090 4090 35910 35910
4100 4100 35900 35900
4110 4110 35890 35890
4120 4120 35880 35880
4130 4130 35870 35870
4140 4140 35860 35860
4150 4150 35850 35850
4160 4160 35840 35840
4170 4170 35830 35830
4180 4180 35820 35820
4190 4190 35810 35810
4200 4200 35800 35800
4210 4210 35790 35790
4220 4220 35780 35780
4230 4230 35770 35770
4240 4240 35760 35760
4250 4250 35750 35750
4260 4260 35740 35740
4270 4270 35730 35730
4280 4280 35720 35720
4290 4290 35710 35710
4300 4300 35700 35700
4310 4310 35690 35690
4320 4320 35680 35680
4330 4330 35670 35670
4340 4340 35660 35660
4350 4350 35650 35650
4360 4360 35640 35640
4370 4370 35630 35630
4380 4380 35620 35620
4390 4390 35610 35610
4400 4400 35600 35600
4410 4410 35590 35590
4420 4420 35580 35580
4430 4430 35570 35570
4440 4440 35560 35560
4450 4450 35550 35550
4460 4460 35540 35540
4470 4470 35530 35530
4480 4480 35520 35520
4490 4490 35510 35510
4500 4500 35500 35500
4510 4510 35490 35490
4520 4520 35480 35480
4530 4530 35470 35470
4540 4540 35460 35460
4550 4550 35450 35450
4560 4560 35440 35440
4570 4570 35430 35430
4580 4580 35420 35420
4590 4590 35410 35410
4600 4600 35400 35400
4610 4610 35390 35390
4620 4620 35380 35380
4630 4630 35370 35370
4640 4640 35360 35360
4650 4650 35350 35350
4660 4660 35340 35340
4670 4670 35330 35330
4680 4680 35320 35320
4690 4690 35310 35310
4700 4700 35300 35300
4710 4710 35290 35290
4720 4720 35280 35280
4730 4730 35270 35270
4740 4740 35260 35260
4750 4750 35250 35250
4760 4760 35240 35240
4770 4770 35230 35230
4780 4780 35220 35220
4790 4790 35210 35210
4800 4800 35200 35200
4810 4810 35190 35190
4820 4820 35180 35180
4830 4830 35170 35170
4840 4840 35160 35160
4850 4850 35150 35150
4860 4860 35140 35140
4870 4870 35130 35130
4880 4880 35120 35120
4890 4890 35110 35110
4900 4900 35100 35100
4910 4910 35090 35090
4920 4920 35080 35080
4930 4930 35070 35070
4940 4940 35060 35060
4950 4950 35050 35050
4960 4960 35040 35040
4970 4970 35030 35030
4980 4980 35020 35020
4990 4990 35010 35010
5000 5000 35000 35000
5010 5010 34990 34990
5020 5020 34980 34980
5030 5030 34970 34970
5040 5040 34960 34960
5050 5050 34950 34950
5060 5060 34940 34940
5070 5070 34930 34930
5080 5080 34920 34920
5090 5090 34910 34910
5100 5100 34900 34900
5110 5110 34890 34890
5120 5120 34880 34880
5130 5130 34870 34870
5140 5140 34860 34860
5150 5150 34850 34850
5160 5160 34840 34840
5170 5170 34830 34830
5180 5180 34820 34820
5190 5190 34810 34810
5200 5200 34800 34800
5210 5210 34790 34790
5220 5220 34780 34780
5230 5230 34770 34770
5240 5240 34760 34760
5250 5250 34750 34750
5260 5260 34740 34740
5270 5270 34730 34730
5280 5280 34720 34720
5290 5290 34710 34710
5300 5300 34700 34700
5310 5310 34690 34690
5320 5320 34680 34680
5330 5330 34670 34670
5340 5340 34660 34660
5350 5350 34650 34650
5360 5360 34640 34640
5370 5370 34630 34630
5380 5380 34620 34620
5390 5390 34610 34610
5400 5400 34600 34600
5410 5410 34590 34590
5420 5420 34580 34580
5430 5430 34570 34570
5440 5440 34560 34560
5450 5450 34550 34550
5460 5460 34540 34540
5470 5470 34530 34530
5480 5480 34520 34520
5490 5490 34510 34510
5500 5500 34500 34500
5510 5510 34490 34490
5520 5520 34480 34480
5530 5530 34470 34470
5540 5540 34460 34460
5550 5550 34450 34450
5560 5560 34440 34440
5570 5570 34430 34430
5580 5580 34420 34420
5590 5590 34410 34410
5600 5600 34400 34400
5610 5610 34390 34390
5620 5620 34380 34380
5630 5630 34370 34370
5640 5640 34360 34360
5650 5650 34350 34350
5660 5660 34340 34340
5670 5670 34330 34330
5680 5680 34320 34320
5690 5690 34310 34310
5700 5700 34300 34300
5710 5710 34290 34290
5720 5720 34280 34280
5730 5730 34270 34270
5740 5740 34260 34260
5750 5750 34250 34250
5760 5760 34240 34240
5770 5770 34230 34230
5780 5780 34220 34220
5790 5790 34210 34210
5800 5800 34200 34200
5810 5810 34190 34190
5820 5820 34180 34180
5830 5830 34170 34170
5840 5840 34160 34160
5850 5850 34150 34150
5860 5860 34140 34140
5870 5870 34130 34130
5880 5880 34120 34120
5890 5890 34110 34110
5900 5900 34100 34100
5910 5910 34090 34090
5920 5920 34080 34080
5930 5930 34070 34070
5940 5940 34060 34060
5950 5950 34050 34050
5960 5960 34040 34040
5970 5970 34030 34030
5980 5980 34020 34020
5990 5990 34010 34010
6000 6000 34000 34000
6010 6010 33990 33990
6020 6020 33980 33980
6030 6030 33970 33970
6040 6040 33960 33960
6050 6050 33950 33950
6060 6060 33940 33940
6070 6070 33930 33930
6080 6080 33920 33920
6090 6090 33910 33910
6100 6100 33900 33900
6110 6110 33890 33890
6120 6120 33880 33880
6130 6130 33870 33870
6140 6140 33860 33860
6150 6150 33850 33850
6160 6160 33840 33840
6170 6170 33830 33830
6180 6180 33820 33820
6190 6190 33810 33810
6200 6200 33800 33800
6210 6210 33790 33790
6220 6220 33780 33780
6230 6230 33770 33770
6240 6240 33760 33760
6250 6250 33750 33750
6260 6260 33740 33740
6270 6270 33730 33730
6280 6280 33720 33720
6290 6290 33710 33710
6300 6300 33700 33700
6310 6310 33690 33690
6320 6320 33680 33680
6330 6330 33670 33670
6340 6340 33660 33660
6350 6350 33650 33650
6360 6360 33640 33640
6370 6370 33630 33630
6380 6380 33620 33620
6390 6390 33610 33610
6400 6400 33600 33600
6410 6410 33590 33590
6420 6420 33580 33580
6430 6430 33570 33570
6440 6440 33560 33560
6450 6450 33550 33550
6460 6460 33540 33540
6470 6470 33530 33530
6480 6480 33520 33520
6490 6490 33510 33510
6500 6500 33500 33500
6510 6510 33490 33490
6520 6520 33480 33480
6530 6530 33470 33470
6540 6540 33460 33460
6550 6550 33450 33450
6560 6560 33440 33440
6570 6570 33430 33430
6580 6580 33420 33420
6590 6590 33410 33410
6600 6600 33400 33400
6610 6610 33390 33390
6620 6620 33380 33380
6630 6630 33370 33370
6640 6640 33360 33360
6650 6650 33350 33350
6660 6660 33340 33340
6670 6670 33330 33330
6680 6680 33320 33320
6690 6690 33310 33310
6700 6700 33300 33300
6710 6710 33290 33290
6720 6720 33280 33280
6730 6730 33270 33270
6740 6740 33260 33260
6750 6750 33250 33250
6760 6760 33240 33240
6770 6770 33230 33230
6780 6780 33220 33220
6790 6790 33210 33210
6800 6800 33200 33200
6810 6810 33190 33190
6820 6820 33180 33180
6830 6830 33170 33170
6840 6840 33160 33160
6850 6850 33150 33150
6860 6860 33140 33140
6870 6870 33130 33130
6880 6880 33120 33120
6890 6890 33110 33110
6900 6900 33100 33100
6910 6910 33090 33090
6920 6920 33080 33080
6930 6930 33070 33070
6940 6940 33060 33060
6950 6950 33050 33050
6960 6960 33040 33040
6970 6970 33030 33030
6980 6980 33020 33020
6990 6990 33010 33010
7000 7000 33000 33000
7010 7010 32990 32990
7020 7020 32980 32980
7030 7030 32970 32970
7040 7040 32960 32960
7050 7050 32950 32950
7060 7060 32940 32940
7070 7070 32930 32930
7080 7080 32920 32920
7090 7090 32910 32910
7100 7100 32900 32900
7110 7110 32890 32890
7120 7120 32880 32880
7130 7130 32870 32870
7140 7140 32860 32860
7150 7150 32850 32850
7160 7160 32840 32840
7170 7170 32830 32830
7180 7180 32820 32820
7190 7190 32810 32810
7200 7200 32800 32800
7210 7210 32790 32790
7220 7220 32780 32780
7230 7230 32770 32770
7240 7240 32760 32760
7250 7250 32750 32750
7260 7260 32740 32740
7270 7270 32730 32730
7280 7280 32720 32720
7290 7290 32710 32710
7300 7300 32700 32700
7310 7310 32690 32690
7320 7320 32680 32680
7330 7330 32670 32670
7340 7340 32660 32660
7350 7350 32650 32650
7360 7360 32640 32640
7370 7370 32630 32630
7380 7380 32620 32620
7390 7390 32610 32610
7400 7400 32600 32600
7410 7410 32590 32590
7420 7420 32580 32580
7430 7430 32570 32570
7440 7440 32560 32560
7450 7450 32550 32550
7460 7460 32540 32540
7470 7470 32530 32530
7480 7480 32520 32520
7490 7490 32510 32510
7500 7500 32500 32500
7510 7510 32490 32490
7520 7520 32480 32480
7530 7530 32470 32470
7540 7540 32460 32460
7550 7550 32450 32450
7560 7560 32440 32440
7570 7570 32430 32430
7580 7580 32420 32420
7590 7590 32410 32410
7600 7600 32400 32400
7610 7610 32390 32390
7620 7620 32380 32380
7630 7630 32370 32370
7640 7640 32360 32360
7650 7650 32350 32350
7660 7660 32340 32340
7670 7670 32330 32330
7680 7680 32320 32320
7690 7690 32310 32310
7700 7700 32300 32300
7710 7710 32290 32290
7720 7720 32280 32280
7730 7730 32270 32270
7740 7740 32260 32260
7750 7750 32250 32250
7760 7760 32240 32240
7770 7770 32230 32230
7780 7780 32220 32220
7790 7790 32210 32210
7800 7800 32200 32200
7810 7810 32190 32190
7820 7820 32180 32180
7830 7830 32170 32170
7840 7840 32160 32160
7850 7850 32150 32150
7860 7860 32140 32140
7870 7870 32130 32130
7880 7880 32120 32120
7890 7890 32110 32110
7900 7900 32100 32100
7910 7910 32090 32090
7920 7920 32080 32080
7930 7930 32070 32070
7940 7940 32060 32060
7950 7950 32050 32050
7960 7960 32040 32040
7970 7970 32030 32030
7980 7980 32020 32020
7990 7990 32010 32010
8000 8000 32000 32000
8010 8010 31990 31990
8020 8020 31980 31980
8030 8030 31970 31970
8040 8040 31960 31960
8050 8050 31950 31950
8060 8060 31940 31940
8070 8070 31930 31930
8080 8080 31920 31920
8090 8090 31910 31910
8100 8100 31900 31900
8110 8110 31890 31890
8120 8120 31880 31880
8130 8130 31870 31870
8140 8140 31860 31860
8150 8150 31850 31850
8160 8160 31840 31840
8170 8170 31830 31830
8180 8180 31820 31820
8190 8190 31810 31810
8200 8200 31800 31800
8210 8210 31790 31790
8220 8220 31780 31780
8230 8230 31770 31770
8240 8240 31760 31760
8250 8250 31750 31750
8260 8260 31740 31740
8270 8270 31730 31730
8280 8280 31720 31720
8290 8290 31710 31710
8300 8300 31700 31700
8310 8310 31690 31690
8320 8320 31680 31680
8330 8330 31670 31670
8340 8340 31660 31660
8350 8350 31650 31650
8360 8360 31640 31640
8370 8370 31630 31630
8380 8380 31620 31620
8390 8390 31610 31610
8400 8400 31600 31600
8410 8410 31590 31590
8420 8420 31580 31580
8430 8430 31570 31570
8440 8440 31560 31560
8450 8450 31550 31550
8460 8460 31540 31540
8470 8470 31530 31530
8480 8480 31520 31520
8490 8490 31510 31510
8500 8500 31500 31500
8510 8510 31490 31490
8520 8520 31480 31480
8530 8530 31470 31470
8540 8540 31460 31460
8550 8550 31450 31450
8560 8560 31440 31440
8570 8570 31430 31430
8580 8580 31420 31420
8590 8590 31410 31410
8600 8600 31400 31400
8610 8610 31390 31390
8620 8620 31380 31380
8630 8630 31370 31370
8640 8640 31360 31360
8650 8650 31350 31350
8660 8660 31340 31340
8670 8670 31330 31330
8680 8680 31320 31320
8690 8690 31310 31310
8700 8700 31300 31300
8710 8710 31290 31290
8720 8720 31280 31280
8730 8730 31270 31270
8740 8740 31260 31260
8750 8750 31250 31250
8760 8760 31240 31240
8770 8770 31230 31230
8780 8780 31220 31220
8790 8790 31210 31210
8800 8800 31200 31200
8810 8810 31190 31190
8820 8820 31180 31180
8830 8830 31170 31170
8840 8840 31160 31160
8850 8850 31150 31150
8860 8860 31140 31140
8870 8870 31130 31130
8880 8880 31120 31120
8890 8890 31110 31110
8900 8900 31100 31100
8910 8910 31090 31090
8920 8920 31080 31080
8930 8930 31070 31070
8940 8940 31060 31060
8950 8950 31050 31050
8960 8960 31040 31040
8970 8970 31030 31030
8980 8980 31020 31020
8990 8990 31010 31010
9000 9000 31000 31000
9010 9010 30990 30990
9020 9020 30980 30980
9030 9030 30970 30970
9040 9040 30960 30960
9050 9050 30950 30950
9060 9060 30940 30940
9070 9070 30930 30930
9080 9080 30920 30920
9090 9090 30910 30910
9100 9100 30900 30900
9110 9110 30890 30890
9120 9120 30880 30880
9130 9130 30870 30870
9140 9140 30860 30860
9150 9150 30850 30850
9160 9160 30840 30840
9170 9170 30830 30830
9180 9180 30820 30820
9190 9190 30810 30810
9200 9200 30800 30800
9210 9210 30790 30790
9220 9220 30780 30780
9230 9230 30770 30770
9240 9240 30760 30760
9250 9250 30750 30750
9260 9260 30740 30740
9270 9270 30730 30730
9280 9280 30720 30720
9290 9290 30710 30710
9300 9300 30700 30700
9310 9310 30690 30690
9320 9320 30680 30680
9330 9330 30670 30670
9340 9340 30660 30660
9350 9350 30650 30650
9360 9360 30640 30640
9370 9370 30630 30630
9380 9380 30620 30620
9390 9390 30610 30610
9400 9400 30600 30600
9410 9410 30590 30590
9420 9420 30580 30580
9430 9430 30570 30570
9440 9440 30560 30560
9450 9450 30550 30550
9460 9460 30540 30540
9470 9470 30530 30530
9480 9480 30520 30520
9490 9490 30510 30510
9500 9500 30500 30500
9510 9510 30490 30490
9520 9520 30480 30480
9530 9530 30470 30470
9540 9540 30460 30460
9550 9550 30450 30450
9560 9560 30440 30440
9570 9570 30430 30430
9580 9580 30420 30420
9590 9590 30410 30410
9600 9600 30400 30400
9610 9610 30390 30390
9620 9620 30380 30380
9630 9630 30370 30370
9640 9640 30360 30360
9650 9650 30350 30350
9660 9660 30340 30340
9670 9670 30330 30330
9680 9680 30320 30320
9690 9690 30310 30310
9700 9700 30300 30300
9710 9710 30290 30290
9720 9720 30280 30280
9730 9730 30270 30270
9740 9740 30260 30260
9750 9750 30250 30250
9760 9760 30240 30240
9770 9770 30230 30230
9780 9780 30220 30220
9790 9790 30210 30210
9800 9800 30200 30200
9810 9810 30190 30190
9820 9820 30180 30180
9830 9830 30170 30170
9840 9840 30160 30160
9850 9850 30150 30150
9860 9860 30140 30140
9870 9870 30130 30130
9880 9880 30120 30120
9890 9890 30110 30110
9900 9900 30100 30100
9910 9910 30090 30090
9920 9920 30080 30080
9930 9930 30070 30070
9940 9940 30060 30060
9950 9950 30050 30050
9960 9960 30040 30040
9970 9970 30030 30030
9980 9980 30020 30020
9990 9990 30010 30010
10000 10000 30000 30000
10010 10010 29990 29990
10020 10020 29980 29980
10030 10030 29970 29970
10040 10040 29960 29960
10050 10050 29950 29950
10060 10060 29940 29940
10070 10070 29930 29930
10080 10080 29920 29920
10090 10090 29910 29910
10100 10100 29900 29900
10110 10110 29890 29890
10120 10120 29880 29880
10130 10130 29870 29870
10140 10140 29860 29860
10150 10150 29850 29850
10160 10160 29840 29840
10170 10170 29830 29830
10180 10180 29820 29820
10190 10190 29810 29810
10200 10200 29800 29800
10210 10210 29790 29790
10220 10220 29780 29780
10230 10230 29770 29770
10240 10240 29760 29760
10250 10250 29750 29750
10260 10260 29740 29740
10270 10270 29730 29730
10280 10280 29720 29720
10290 10290 29710 29710
10300 10300 29700 29700
10310 10310 29690 29690
10320 10320 29680 29680
10330 10330 29670 29670
10340 10340 29660 29660
10350 10350 29650 29650
10360 10360 29640 29640
10370 10370 29630 29630
10380 10380 29620 29620
10390 10390 29610 29610
10400 10400 29600 29600
10410 10410 29590 29590
10420 10420 29580 29580
10430 10430 29570 29570
10440 10440 29560 29560
10450 10450 29550 29550
10460 10460 29540 29540
10470 10470 29530 29530
10480 10480 29520 29520
10490 10490 29510 29510
10500 10500 29500 29500
10510 10510 29490 29490
10520 10520 29480 29480
10530 10530 29470 29470
10540 10540 29460 29460
10550 10550 29450 29450
10560 10560 29440 29440
10570 10570 29430 29430
10580 10580 29420 29420
10590 10590 29410 29410
10600 10600 29400 29400
10610 10610 29390 29390
10620 10620 29380 29380
10630 10630 29370 29370
10640 10640 29360 29360
10650 10650 29350 29350
10660 10660 29340 29340
10670 10670 29330 29330
10680 10680 29320 29320
10690 10690 29310 29310
10700 10700 29300 29300
10710 10710 29290 29290
10720 10720 29280 29280
10730 10730 29270 29270
10740 10740 29260 29260
10750 10750 29250 29250
10760 10760 29240 29240
10770 10770 29230 29230
10780 10780 29220 29220
10790 10790 29210 29210
10800 10800 29200 29200
10810 10810 29190 29190
10820 10820 29180 29180
10830 10830 29170 29170
10840 10840 29160 29160
10850 10850 29150 29150
10860 10860 29140 29140
10870 10870 29130 29130
10880 10880 29120 29120
10890 10890 29110 29110
10900 10900 29100 29100
10910 10910 29090 29090
10920 10920 29080 29080
10930 10930 29070 29070
10940 10940 29060 29060
10950 10950 29050 29050
10960 10960 29040 29040
10970 10970 29030 29030
10980 10980 29020 29020
10990 10990 29010 29010
11000 11000 29000 29000
11010 11010 28990 28990
11020 11020 28980 28980
11030 11030 28970 28970
11040 11040 28960 28960
11050 11050 28950 28950
11060 11060 28940 28940
11070 11070 28930 28930
11080 11080 28920 28920
11090 11090 28910 28910
11100 11100 28900 28900
11110 11110 28890 28890
11120 11120 28880 28880
11130 11130 28870 28870
11140 11140 28860 28860
11150 11150 28850 28850
11160 11160 28840 28840
11170 11170 28830 28830
11180 11180 28820 28820
11190 11190 28810 28810
11200 11200 28800 28800
11210 11210 28790 28790
11220 11220 28780 28780
11230 11230 28770 28770
11240 11240 28760 28760
11250 11250 28750 28750
11260 11260 28740 28740
11270 11270 28730 28730
11280 11280 28720 28720
11290 11290 28710 28710
11300 11300 28700 28700
11310 11310 28690 28690
11320 11320 28680 28680
11330 11330 28670 28670
11340 11340 28660 28660
11350 11350 28650 28650
11360 11360 28640 28640
11370 11370 28630 28630
11380 11380 28620 28620
11390 11390 28610 28610
11400 11400 28600 28600
11410 11410 28590 28590
11420 11420 28580 28580
11430 11430 28570 28570
11440 11440 28560 28560
11450 11450 28550 28550
11460 11460 28540 28540
11470 11470 28530 28530
11480 11480 28520 28520
11490 11490 28510 28510
11500 11500 28500 28500
11510 11510 28490 28490
11520 11520 28480 28480
11530 11530 28470 28470
11540 11540 28460 28460
11550 11550 28450 28450
11560 11560 28440 28440
11570 11570 28430 28430
11580 11580 28420 28420
11590 11590 28410 28410
11600 11600 28400 28400
11610 11610 28390 28390
11620 11620 28380 28380
11630 11630 28370 28370
11640 11640 28360 28360
11650 11650 28350 28350
11660 11660 28340 28340
11670 11670 28330 28330
11680 11680 28320 28320
11690 11690 28310 28310
11700 11700 28300 28300
11710 11710 28290 28290
11720 11720 28280 28280
11730 11730 28270 28270
11740 11740 28260 28260
11750 11750 28250 28250
11760 11760 28240 28240
11770 11770 28230 28230
11780 11780 28220 28220
11790 11790 28210 28210
11800 11800 28200 28200
11810 11810 28190 28190
11820 11820 28180 28180
11830 11830 28170 28170
11840 11840 28160 28160
11850 11850 28150 28150
11860 11860 28140 28140
11870 11870 28130 28130
11880 11880 28120 28120
11890 11890 28110 28110
11900 11900 28100 28100
11910 11910 28090 28090
11920 11920 28080 28080
11930 11930 28070 28070
11940 11940 28060 28060
11950 11950 28050 28050
11960 11960 28040 28040
11970 11970 28030 28030
11980 11980 28020 28020
11990 11990 28010 28010
12000 12000 28000 28000
12010 12010 27990 27990
12020 12020 27980 27980
12030 12030 27970 27970
12040 12040 27960 27960
12050 12050 27950 27950
12060 12060 27940 27940
12070 12070 27930 27930
12080 12080 27920 27920
12090 12090 27910 27910
12100 12100 27900 27900
12110 12110 27890 27890
12120 12120 27880 27880
12130 12130 27870 27870
12140 12140 27860 27860
12150 12150 27850 27850
12160 12160 27840 27840
12170 12170 27830 27830
12180 12180 27820 27820
12190 12190 27810 27810
12200 12200 27800 27800
12210 12210 27790 27790
12220 12220 27780 27780
12230 12230 27770 27770
12240 12240 27760 27760
12250 12250 27750 27750
12260 12260 27740 27740
12270 12270 27730 27730
12280 12280 27720 27720
12290 12290 27710 27710
12300 12300 27700 27700
12310 12310 27690 27690
12320 12320 27680 27680
12330 12330 27670 27670
12340 12340 27660 27660
12350 12350 27650 27650
12360 12360 27640 27640
12370 12370 27630 27630
12380 12380 27620 27620
12390 12390 27610 27610
12400 12400 27600 27600
12410 12410 27590 27590
12420 12420 27580 27580
12430 12430 27570 27570
12440 12440 27560 27560
12450 12450 27550 27550
12460 12460 27540 27540
12470 12470 27530 27530
12480 12480 27520 27520
12490 12490 27510 27510
12500 12500 27500 27500
12510 12510 27490 27490
12520 12520 27480 27480
12530 12530 27470 27470
12540 12540 27460 27460
12550 12550 27450 27450
12560 12560 27440 27440
12570 12570 27430 27430
12580 12580 27420 27420
12590 12590 27410 27410
12600 12600 27400 27400
12610 12610 27390 27390
12620 12620 27380 27380
12630 12630 27370 27370
12640 12640 27360 27360
12650 12650 27350 27350
12660 12660 27340 27340
12670 12670 27330 27330
12680 12680 27320 27320
12690 12690 27310 27310
12700 12700 27300 27300
12710 12710 27290 27290
12720 12720 27280 27280
12730 12730 27270 27270
12740 12740 27260 27260
12750 12750 27250 27250
12760 12760 27240 27240
12770 12770 27230 27230
12780 12780 27220 27220
12790 12790 27210 27210
12800 12800 27200 27200
12810 12810 27190 27190
12820 12820 27180 27180
12830 12830 27170 27170
12840 12840 27160 27160
12850 12850 27150 27150
12860 12860 27140 27140
12870 12870 27130 27130
12880 12880 27120 27120
12890 12890 27110 27110
12900 12900 27100 27100
12910 12910 27090 27090
12920 12920 27080 27080
12930 12930 27070 27070
12940 12940 27060 27060
12950 12950 27050 27050
12960 12960 27040 27040
12970 12970 27030 27030
12980 12980 27020 27020
12990 12990 27010 27010
13000 13000 27000 27000
13010 13010 26990 26990
13020 13020 26980 26980
13030 13030 26970 26970
13040 13040 26960 26960
13050 13050 26950 26950
13060 13060 26940 26940
13070 13070 26930 26930
13080 13080 26920 26920
13090 13090 26910 26910
13100 13100 26900 26900
13110 13110 26890 26890
13120 13120 26880 26880
13130 13130 26870 26870
13140 13140 26860 26860
13150 13150 26850 26850
13160 13160 26840 26840
13170 13170 26830 26830
13180 13180 26820 26820
13190 13190 26810 26810
13200 13200 26800 26800
13210 13210 26790 26790
13220 13220 26780 26780
13230 13230 26770 26770
13240 13240 26760 26760
13250 13250 26750 26750
13260 13260 26740 26740
13270 13270 26730 26730
13280 13280 26720 26720
13290 13290 26710 26710
13300 13300 26700 26700
13310 13310 26690 26690
13320 13320 26680 26680
13330 13330 26670 26670
13340 13340 26660 26660
13350 13350 26650 26650
13360 13360 26640 26640
13370 13370 26630 26630
13380 13380 26620 26620
13390 13390 26610 26610
13400 13400 26600 26600
13410 13410 26590 26590
13420 13420 26580 26580
13430 13430 26570 26570
13440 13440 26560 26560
13450 13450 26550 26550
13460 13460 26540 26540
13470 13470 26530 26530
13480 13480 26520 26520
13490 13490 26510 26510
13500 13500 26500 26500
13510 13510 26490 26490
13520 13520 26480 26480
13530 13530 26470 26470
13540 13540 26460 26460
13550 13550 26450 26450
13560 13560 26440 26440
13570 13570 26430 26430
13580 13580 26420 26420
13590 13590 26410 26410
13600 13600 26400 26400
13610 13610 26390 26390
13620 13620 26380 26380
13630 13630 26370 26370
13640 13640 26360 26360
13650 13650 26350 26350
13660 13660 26340 26340
13670 13670 26330 26330
13680 13680 26320 26320
13690 13690 26310 26310
13700 13700 26300 26300
13710 13710 26290 26290
13720 13720 26280 26280
13730 13730 26270 26270
13740 13740 26260 26260
13750 13750 26250 26250
13760 13760 26240 26240
13770 13770 26230 26230
13780 13780 26220 26220
13790 13790 26210 26210
13800 13800 26200 26200
13810 13810 26190 26190
13820 13820 26180 26180
13830 13830 26170 26170
13840 13840 26160 26160
13850 13850 26150 26150
13860 13860 26140 26140
13870 13870 26130 26130
13880 13880 26120 26120
13890 13890 26110 26110
13900 13900 26100 26100
13910 13910 26090 26090
13920 13920 26080 26080
13930 13930 26070 26070
13940 13940 26060 26060
13950 13950 26050 26050
13960 13960 26040 26040
13970 13970 26030 26030
13980 13980 26020 26020
13990 13990 26010 26010
14000 14000 26000 26000
14010 14010 25990 25990
14020 14020 25980 25980
14030 14030 25970 25970
14040 14040 25960 25960
14050 14050 25950 25950
14060 14060 25940 25940
14070 14070 25930 25930
14080 14080 25920 25920
14090 14090 25910 25910
14100 14100 25900 25900
14110 14110 25890 25890
14120 14120 25880 25880
14130 14130 25870 25870
14140 14140 25860 25860
14150 14150 25850 25850
14160 14160 25840 25840
14170 14170 25830 25830
14180 14180 25820 25820
14190 14190 25810 25810
14200 14200 25800 25800
14210 14210 25790 25790
14220 14220 25780 25780
14230 14230 25770 25770
14240 14240 25760 25760
14250 14250 25750 25750
14260 14260 25740 25740
14270 14270 25730 25730
14280 14280 25720 25720
14290 14290 25710 25710
14300 14300 25700 25700
14310 14310 25690 25690
14320 14320 25680 25680
14330 14330 25670 25670
14340 14340 25660 25660
14350 14350 25650 25650
14360 14360 25640 25640
14370 14370 25630 25630
14380 14380 25620 25620
14390 14390 25610 25610
14400 14400 25600 25600
14410 14410 25590 25590
14420 14420 25580 25580
14430 14430 25570 25570
14440 14440 25560 25560
14450 14450 25550 25550
14460 14460 25540 25540
14470 14470 25530 25530
14480 14480 25520 25520
14490 14490 25510 25510
14500 14500 25500 25500
14510 14510 25490 25490
14520 14520 25480 25480
14530 14530 25470 25470
14540 14540 25460 25460
14550 14550 25450 25450
14560 14560 25440 25440
14570 14570 25430 25430
14580 14580 25420 25420
14590 14590 25410 25410
14600 14600 25400 25400
14610 14610 25390 25390
14620 14620 25380 25380
14630 14630 25370 25370
14640 14640 25360 25360
14650 14650 25350 25350
14660 14660 25340 25340
14670 14670 25330 25330
14680 14680 25320 25320
14690 14690 25310 25310
14700 14700 25300 25300
14710 14710 25290 25290
14720 14720 25280 25280
14730 14730 25270 25270
14740 14740 25260 25260
14750 14750 25250 25250
14760 14760 25240 25240
14770 14770 25230 25230
14780 14780 25220 25220
14790 14790 25210 25210
14800 14800 25200 25200
14810 14810 25190 25190
14820 14820 25180 25180
14830 14830 25170 25170
14840 14840 25160 25160
14850 14850 25150 25150
14860 14860 25140 25140
14870 14870 25130 25130
14880 14880 25120 25120
14890 14890 25110 25110
14900 14900 25100 25100
14910 14910 25090 25090
14920 14920 25080 25080
14930 14930 25070 25070
14940 14940 25060 25060
14950 14950 25050 25050
14960 14960 25040 25040
14970 14970 25030 25030
14980 14980 25020 25020
14990 14990 25010 25010
15000 15000 25000 25000
15010 15010 24990 24990
15020 15020 24980 24980
15030 15030 24970 24970
15040 15040 24960 24960
15050 15050 24950 24950
15060 15060 24940 24940
15070 15070 24930 24930
15080 15080 24920 24920
15090 15090 24910 24910
15100 15100 24900 24900
15110 15110 24890 24890
15120 15120 24880 24880
15130 15130 24870 24870
15140 15140 24860 24860
15150 15150 24850 24850
15160 15160 24840 24840
15170 15170 24830 24830
15180 15180 24820 24820
15190 15190 24810 24810
15200 15200 24800 24800
15210 15210 24790 24790
15220 15220 24780 24780
15230 15230 24770 24770
15240 15240 24760 24760
15250 15250 24750 24750
15260 15260 24740 24740
15270 15270 24730 24730
15280 15280 24720 24720
15290 15290 24710 24710
15300 15300 24700 24700
15310 15310 24690 24690
15320 15320 24680 24680
15330 15330 24670 24670
15340 15340 24660 24660
15350 15350 24650 24650
15360 15360 24640 24640
15370 15370 24630 24630
15380 15380 24620 24620
15390 15390 24610 24610
15400 15400 24600 24600
15410 15410 24590 24590
15420 15420 24580 24580
15430 15430 24570 24570
15440 15440 24560 24560
15450 15450 24550 24550
15460 15460 24540 24540
15470 15470 24530 24530
15480 15480 24520 24520
15490 15490 24510 24510
15500 15500 24500 24500
15510 15510 24490 24490
15520 15520 24480 24480
15530 15530 24470 24470
15540 15540 24460 24460
15550 15550 24450 24450
15560 15560 24440 24440
15570 15570 24430 24430
15580 15580 24420 24420
15590 15590 24410 24410
15600 15600 24400 24400
15610 15610 24390 24390
15620 15620 24380 24380
15630 15630 24370 24370
15640 15640 24360 24360
15650 15650 24350 24350
15660 15660 24340 24340
15670 15670 24330 24330
15680 15680 24320 24320
15690 15690 24310 24310
15700 15700 24300 24300
15710 15710 24290 24290
15720 15720 24280 24280
15730 15730 24270 24270
15740 15740 24260 24260
15750 15750 24250 24250
15760 15760 24240 24240
15770 15770 24230 24230
15780 15780 24220 24220
15790 15790 24210 24210
15800 15800 24200 24200
15810 15810 24190 24190
15820 15820 24180 24180
15830 15830 24170 24170
15840 15840 24160 24160
15850 15850 24150 24150
15860 15860 24140 24140
15870 15870 24130 24130
15880 15880 24120 24120
15890 15890 24110 24110
15900 15900 24100 24100
15910 15910 24090 24090
15920 15920 24080 24080
15930 15930 24070 24070
15940 15940 24060 24060
15950 15950 24050 24050
15960 15960 24040 24040
15970 15970 24030 24030
15980 15980 24020 24020
15990 15990 24010 24010
16000 16000 24000 24000
16010 16010 23990 23990
16020 16020 23980 23980
16030 16030 23970 23970
16040 16040 23960 23960
16050 16050 23950 23950
16060 16060 23940 23940
16070 16070 23930 23930
16080 16080 23920 23920
16090 16090 23910 23910
16100 16100 23900 23900
16110 16110 23890 23890
16120 16120 23880 23880
16130 16130 23870 23870
16140 16140 23860 23860
16150 16150 23850 23850
16160 16160 23840 23840
16170 16170 23830 23830
16180 16180 23820 23820
16190 16190 23810 23810
16200 16200 23800 23800
16210 16210 23790 23790
16220 16220 23780 23780
16230 16230 23770 23770
16240 16240 23760 23760
16250 16250 23750 23750
16260 16260 23740 23740
16270 16270 23730 23730
16280 16280 23720 23720
16290 16290 23710 23710
16300 16300 23700 23700
16310 16310 23690 23690
16320 16320 23680 23680
16330 16330 23670 23670
16340 16340 23660 23660
16350 16350 23650 23650
16360 16360 23640 23640
16370 16370 23630 23630
16380 16380 23620 23620
16390 16390 23610 23610
16400 16400 23600 23600
16410 16410 23590 23590
16420 16420 23580 23580
16430 16430 23570 23570
16440 16440 23560 23560
16450 16450 23550 23550
16460 16460 23540 23540
16470 16470 23530 23530
16480 16480 23520 23520
16490 16490 23510 23510
16500 16500 23500 23500
16510 16510 23490 23490
16520 16520 23480 23480
16530 16530 23470 23470
16540 16540 23460 23460
16550 16550 23450 23450
16560 16560 23440 23440
16570 16570 23430 23430
16580 16580 23420 23420
16590 16590 23410 23410
16600 16600 23400 23400
16610 16610 23390 23390
16620 16620 23380 23380
16630 16630 23370 23370
16640 16640 23360 23360
16650 16650 23350 23350
16660 16660 23340 23340
16670 16670 23330 23330
16680 16680 23320 23320
16690 16690 23310 23310
16700 16700 23300 23300
16710 16710 23290 23290
16720 16720 23280 23280
16730 16730 23270 23270
16740 16740 23260 23260
16750 16750 23250 23250
16760 16760 23240 23240
16770 16770 23230 23230
16780 16780 23220 23220
16790 16790 23210 23210
16800 16800 23200 23200
16810 16810 23190 23190
16820 16820 23180 23180
16830 16830 23170 23170
16840 16840 23160 23160
16850 16850 23150 23150
16860 16860 23140 23140
16870 16870 23130 23130
16880 16880 23120 23120
16890 16890 23110 23110
16900 16900 23100 23100
16910 16910 23090 23090
16920 16920 23080 23080
16930 16930 23070 23070
16940 16940 23060 23060
16950 16950 23050 23050
16960 16960 23040 23040
16970 16970 23030 23030
16980 16980 23020 23020
16990 16990 23010 23010
17000 17000 23000 23000
17010 17010 22990 22990
17020 17020 22980 22980
17030 17030 22970 22970
17040 17040 22960 22960
17050 17050 22950 22950
17060 17060 22940 22940
17070 17070 22930 22930
17080 17080 22920 22920
17090 17090 22910 22910
17100 17100 22900 22900
17110 17110 22890 22890
17120 17120 22880 22880
17130 17130 22870 22870
17140 17140 22860 22860
17150 17150 22850 22850
17160 17160 22840 22840
17170 17170 22830 22830
17180 17180 22820 22820
17190 17190 22810 22810
17200 17200 22800 22800
17210 17210 22790 22790
17220 17220 22780 22780
17230 17230 22770 22770
17240 17240 22760 22760
17250 17250 22750 22750
17260 17260 22740 22740
17270 17270 22730 22730
17280 17280 22720 22720
17290 17290 22710 22710
17300 17300 22700 22700
17310 17310 22690 22690
17320 17320 22680 22680
17330 17330 22670 22670
17340 17340 22660 22660
17350 17350 22650 22650
17360 17360 22640 22640
17370 17370 22630 22630
17380 17380 22620 22620
17390 17390 22610 22610
17400 17400 22600 22600
17410 17410 22590 22590
17420 17420 22580 22580
17430 17430 22570 22570
17440 17440 22560 22560
17450 17450 22550 22550
17460 17460 22540 22540
17470 17470 22530 22530
17480 17480 22520 22520
17490 17490 22510 22510
17500 17500 22500 22500
17510 17510 22490 22490
17520 17520 22480 22480
17530 17530 22470 22470
17540 17540 22460 22460
17550 17550 22450 22450
17560 17560 22440 22440
17570 17570 22430 22430
17580 17580 22420 22420
17590 17590 22410 22410
17600 17600 22400 22400
17610 17610 22390 22390
17620 17620 22380 22380
17630 17630 22370 22370
17640 17640 22360 22360
17650 17650 22350 22350
17660 17660 22340 22340
17670 17670 22330 22330
17680 17680 22320 22320
17690 17690 22310 22310
17700 17700 22300 22300
17710 17710 22290 22290
17720 17720 22280 22280
17730 17730 22270 22270
17740 17740 22260 22260
17750 17750 22250 22250
17760 17760 22240 22240
17770 17770 22230 22230
17780 17780 22220 22220
17790 17790 22210 22210
17800 17800 22200 22200
17810 17810 22190 22190
17820 17820 22180 22180
17830 17830 22170 22170
17840 17840 22160 22160
17850 17850 22150 22150
17860 17860 22140 22140
17870 17870 22130 22130
17880 17880 22120 22120
17890 17890 22110 22110
17900 17900 22100 22100
17910 17910 22090 22090
17920 17920 22080 22080
17930 17930 22070 22070
17940 17940 22060 22060
17950 17950 22050 22050
17960 17960 22040 22040
17970 17970 22030 22030
17980 17980 22020 22020
17990 17990 22010 22010
18000 18000 22000 22000
18010 18010 21990 21990
18020 18020 21980 21980
18030 18030 21970 21970
18040 18040 21960 21960
18050 18050 21950 21950
18060 18060 21940 21940
18070 18070 21930 21930
18080 18080 21920 21920
18090 18090 21910 21910
18100 18100 21900 21900
18110 18110 21890 21890
18120 18120 21880 21880
18130 18130 21870 21870
18140 18140 21860 21860
18150 18150 21850 21850
18160 18160 21840 21840
18170 18170 21830 21830
18180 18180 21820 21820
18190 18190 21810 21810
18200 18200 21800 21800
18210 18210 21790 21790
18220 18220 21780 21780
18230 18230 21770 21770
18240 18240 21760 21760
18250 18250 21750 21750
18260 18260 21740 21740
18270 18270 21730 21730
18280 18280 21720 21720
18290 18290 21710 21710
18300 18300 21700 21700
18310 18310 21690 21690
18320 18320 21680 21680
18330 18330 21670 21670
18340 18340 21660 21660
18350 18350 21650 21650
18360 18360 21640 21640
18370 18370 21630 21630
18380 18380 21620 21620
18390 18390 21610 21610
18400 18400 21600 21600
18410 18410 21590 21590
18420 18420 21580 21580
18430 18430 21570 21570
18440 18440 21560 21560
18450 18450 21550 21550
18460 18460 21540 21540
18470 18470 21530 21530
18480 18480 21520 21520
18490 18490 21510 21510
18500 18500 21500 21500
18510 18510 21490 21490
18520 18520 21480 21480
18530 18530 21470 21470
18540 18540 21460 21460
18550 18550 21450 21450
18560 18560 21440 21440
18570 18570 21430 21430
18580 18580 21420 21420
18590 18590 21410 21410
18600 18600 21400 21400
18610 18610 21390 21390
18620 18620 21380 21380
18630 18630 21370 21370
18640 18640 21360 21360
18650 18650 21350 21350
18660 18660 21340 21340
18670 18670 21330 21330
18680 18680 21320 21320
18690 18690 21310 21310
18700 18700 21300 21300
18710 18710 21290 21290
18720 18720 21280 21280
18730 18730 21270 21270
18740 18740 21260 21260
18750 18750 21250 21250
18760 18760 21240 21240
18770 18770 21230 21230
18780 18780 21220 21220
18790 18790 21210 21210
18800 18800 21200 21200
18810 18810 21190 21190
18820 18820 21180 21180
18830 18830 21170 21170
18840 18840 21160 21160
18850 18850 21150 21150
18860 18860 21140 21140
18870 18870 21130 21130
18880 18880 21120 21120
18890 18890 21110 21110
18900 18900 21100 21100
18910 18910 21090 21090
18920 18920 21080 21080
18930 18930 21070 21070
18940 18940 21060 21060
18950 18950 21050 21050
18960 18960 21040 21040
18970 18970 21030 21030
18980 18980 21020 21020
18990 18990 21010 21010
19000 19000 21000 21000
19010 19010 20990 20990
19020 19020 20980 20980
19030 19030 20970 20970
19040 19040 20960 20960
19050 19050 20950 20950
19060 19060 20940 20940
19070 19070 20930 20930
19080 19080 20920 20920
19090 19090 20910 20910
19100 19100 20900 20900
19110 19110 20890 20890
19120 19120 20880 20880
19130 19130 20870 20870
19140 19140 20860 20860
19150 19150 20850 20850
19160 19160 20840 20840
19170 19170 20830 20830
19180 19180 20820 20820
19190 19190 20810 20810
19200 19200 20800 20800
19210 19210 20790 20790
19220 19220 20780 20780
19230 19230 20770 20770
19240 19240 20760 20760
19250 19250 20750 20750
19260 19260 20740 20740
19270 19270 20730 20730
19280 19280 20720 20720
19290 19290 20710 20710
19300 19300 20700 20700
19310 19310 20690 20690
19320 19320 20680 20680
19330 19330 20670 20670
19340 19340 20660 20660
19350 19350 20650 20650
19360 19360 20640 20640
19370 19370 20630 20630
19380 19380 20620 20620
19390 19390 20610 20610
19400 19400 20600 20600
19410 19410 20590 20590
19420 19420 20580 20580
19430 19430 20570 20570
19440 19440 20560 20560
19450 19450 20550 20550
19460 19460 20540 20540
19470 19470 20530 20530
19480 19480 20520 20520
19490 19490 20510 20510
19500 19500 20500 20500
19510 19510 20490 20490
19520 19520 20480 20480
19530 19530 20470 20470
19540 19540 20460 20460
19550 19550 20450 20450
19560 19560 20440 20440
19570 19570 20430 20430
19580 19580 20420 20420
19590 19590 20410 20410
19600 19600 20400 20400
19610 19610 20390 20390
19620 19620 20380 20380
19630 19630 20370 20370
19640 19640 20360 20360
19650 19650 20350 20350
19660 19660 20340 20340
19670 19670 20330 20330
19680 19680 20320 20320
19690 19690 20310 20310
19700 19700 20300 20300
19710 19710 20290 20290
19720 19720 20280 20280
19730 19730 20270 20270
19740 19740 20260 20260
19750 19750 20250 20250
19760 19760 20240 20240
19770 19770 20230 20230
19780 19780 20220 20220
19790 19790 20210 20210
19800 19800 20200 20200
19810 19810 20190 20190
19820 19820 20180 20180
19830 19830 20170 20170
19840 19840 20160 20160
19850 19850 20150 20150
19860 19860 20140 20140
19870 19870 20130 20130
19880 19880 20120 20120
19890 19890 20110 20110
19900 19900 20100 20100
19910 19910 20090 20090
19920 19920 20080 20080
19930 19930 20070 20070
19940 19940 20060 20060
19950 19950 20050 20050
19960 19960 20040 20040
19970 19970 20030 20030
19980 19980 20020 20020
19990 19990 20010 20010
2000
0 0
10 10
20 20
30 30
40 40
50 50
60 60
70 70
80 80
90 90
100 100
110 110
120 120
130 130
140 140
150 150
160 160
170 170
180 180
190 190
200 200
210 210
220 220
230 230
240 240
250 250
260 260
270 270
280 280
290 290
300 300
310 310
320 320
330 330
340 340
350 350
360 360
370 370
380 380
390 390
400 400
410 410
420 420
430 430
440 440
450 450
460 460
470 470
480 480
490 490
500 500
510 510
520 520
530 530
540 540
550 550
560 560
570 570
580 580
590 590
600 600
610 610
620 620
630 630
640 640
650 650
660 660
670 670
680 680
690 690
700 700
710 710
720 720
730 730
740 740
750 750
760 760
770 770
780 780
790 790
800 800
810 810
820 820
830 830
840 840
850 850
860 860
870 870
880 880
890 890
900 900
910 910
920 920
930 930
940 940
950 950
960 960
970 970
980 980
990 990
1000 1000
1010 1010
1020 1020
1030 1030
1040 1040
1050 1050
1060 1060
1070 1070
1080 1080
1090 1090
1100 1100
1110 1110
1120 1120
1130 1130
1140 1140
1150 1150
1160 1160
1170 1170
1180 1180
1190 1190
1200 1200
1210 1210
1220 1220
1230 1230
1240 1240
1250 1250
1260 1260
1270 1270
1280 1280
1290 1290
1300 1300
1310 1310
1320 1320
1330 1330
1340 1340
1350 1350
1360 1360
1370 1370
1380 1380
1390 1390
1400 1400
1410 1410
1420 1420
1430 1430
1440 1440
1450 1450
1460 1460
1470 1470
1480 1480
1490 1490
1500 1500
1510 1510
1520 1520
1530 1530
1540 1540
1550 1550
1560 1560
1570 1570
1580 1580
1590 1590
1600 1600
1610 1610
1620 1620
1630 1630
1640 1640
1650 1650
1660 1660
1670 1670
1680 1680
1690 1690
1700 1700
1710 1710
1720 1720
1730 1730
1740 1740
1750 1750
1760 1760
1770 1770
1780 1780
1790 1790
1800 1800
1810 1810
1820 1820
1830 1830
1840 1840
1850 1850
1860 1860
1870 1870
1880 1880
1890 1890
1900 1900
1910 1910
1920 1920
1930 1930
1940 1940
1950 1950
1960 1960
1970 1970
1980 1980
1990 1990
2000 2000
2010 2010
2020 2020
2030 2030
2040 2040
2050 2050
2060 2060
2070 2070
2080 2080
2090 2090
2100 2100
2110 2110
2120 2120
2130 2130
2140 2140
2150 2150
2160 2160
2170 2170
2180 2180
2190 2190
2200 2200
2210 2210
2220 2220
2230 2230
2240 2240
2250 2250
2260 2260
2270 2270
2280 2280
2290 2290
2300 2300
2310 2310
2320 2320
2330 2330
2340 2340
2350 2350
2360 2360
2370 2370
2380 2380
2390 2390
2400 2400
2410 2410
2420 2420
2430 2430
2440 2440
2450 2450
2460 2460
2470 2470
2480 2480
2490 2490
2500 2500
2510 2510
2520 2520
2530 2530
2540 2540
2550 2550
2560 2560
2570 2570
2580 2580
2590 2590
2600 2600
2610 2610
2620 2620
2630 2630
2640 2640
2650 2650
2660 2660
2670 2670
2680 2680
2690 2690
2700 2700
2710 2710
2720 2720
2730 2730
2740 2740
2750 2750
2760 2760
2770 2770
2780 2780
2790 2790
2800 2800
2810 2810
2820 2820
2830 2830
2840 2840
2850 2850
2860 2860
2870 2870
2880 2880
2890 2890
2900 2900
2910 2910
2920 2920
2930 2930
2940 2940
2950 2950
2960 2960
2970 2970
2980 2980
2990 2990
3000 3000
3010 3010
3020 3020
3030 3030
3040 3040
3050 3050
3060 3060
3070 3070
3080 3080
3090 3090
3100 3100
3110 3110
3120 3120
3130 3130
3140 3140
3150 3150
3160 3160
3170 3170
3180 3180
3190 3190
3200 3200
3210 3210
3220 3220
3230 3230
3240 3240
3250 3250
3260 3260
3270 3270
3280 3280
3290 3290
3300 3300
3310 3310
3320 3320
3330 3330
3340 3340
3350 3350
3360 3360
3370 3370
3380 3380
3390 3390
3400 3400
3410 3410
3420 3420
3430 3430
3440 3440
3450 3450
3460 3460
3470 3470
3480 3480
3490 3490
3500 3500
3510 3510
3520 3520
3530 3530
3540 3540
3550 3550
3560 3560
3570 3570
3580 3580
3590 3590
3600 3600
3610 3610
3620 3620
3630 3630
3640 3640
3650 3650
3660 3660
3670 3670
3680 3680
3690 3690
3700 3700
3710 3710
3720 3720
3730 3730
3740 3740
3750 3750
3760 3760
3770 3770
3780 3780
3790 3790
3800 3800
3810 3810
3820 3820
3830 3830
3840 3840
3850 3850
3860 3860
3870 3870
3880 3880
3890 3890
3900 3900
3910 3910
3920 3920
3930 3930
3940 3940
3950 3950
3960 3960
3970 3970
3980 3980
3990 3990
4000 4000
4010 4010
4020 4020
4030 4030
4040 4040
4050 4050
4060 4060
4070 4070
4080 4080
4090 4090
4100 4100
4110 4110
4120 4120
4130 4130
4140 4140
4150 4150
4160 4160
4170 4170
4180 4180
4190 4190
4200 4200
4210 4210
4220 4220
4230 4230
4240 4240
4250 4250
4260 4260
4270 4270
4280 4280
4290 4290
4300 4300
4310 4310
4320 4320
4330 4330
4340 4340
4350 4350
4360 4360
4370 4370
4380 4380
4390 4390
4400 4400
4410 4410
4420 4420
4430 4430
4440 4440
4450 4450
4460 4460
4470 4470
4480 4480
4490 4490
4500 4500
4510 4510
4520 4520
4530 4530
4540 4540
4550 4550
4560 4560
4570 4570
4580 4580
4590 4590
4600 4600
4610 4610
4620 4620
4630 4630
4640 4640
4650 4650
4660 4660
4670 4670
4680 4680
4690 4690
4700 4700
4710 4710
4720 4720
4730 4730
4740 4740
4750 4750
4760 4760
4770 4770
4780 4780
4790 4790
4800 4800
4810 4810
4820 4820
4830 4830
4840 4840
4850 4850
4860 4860
4870 4870
4880 4880
4890 4890
4900 4900
4910 4910
4920 4920
4930 4930
4940 4940
4950 4950
4960 4960
4970 4970
4980 4980
4990 4990
5000 5000
5010 5010
5020 5020
5030 5030
5040 5040
5050 5050
5060 5060
5070 5070
5080 5080
5090 5090
5100 5100
5110 5110
5120 5120
5130 5130
5140 5140
5150 5150
5160 5160
5170 5170
5180 5180
5190 5190
5200 5200
5210 5210
5220 5220
5230 5230
5240 5240
5250 5250
5260 5260
5270 5270
5280 5280
5290 5290
5300 5300
5310 5310
5320 5320
5330 5330
5340 5340
5350 5350
5360 5360
5370 5370
5380 5380
5390 5390
5400 5400
5410 5410
5420 5420
5430 5430
5440 5440
5450 5450
5460 5460
5470 5470
5480 5480
5490 5490
5500 5500
5510 5510
5520 5520
5530 5530
5540 5540
5550 5550
5560 5560
5570 5570
5580 5580
5590 5590
5600 5600
5610 5610
5620 5620
5630 5630
5640 5640
5650 5650
5660 5660
5670 5670
5680 5680
5690 5690
5700 5700
5710 5710
5720 5720
5730 5730
5740 5740
5750 5750
5760 5760
5770 5770
5780 5780
5790 5790
5800 5800
5810 5810
5820 5820
5830 5830
5840 5840
5850 5850
5860 5860
5870 5870
5880 5880
5890 5890
5900 5900
5910 5910
5920 5920
5930 5930
5940 5940
5950 5950
5960 5960
5970 5970
5980 5980
5990 5990
6000 6000
6010 6010
6020 6020
6030 6030
6040 6040
6050 6050
6060 6060
6070 6070
6080 6080
6090 6090
6100 6100
6110 6110
6120 6120
6130 6130
6140 6140
6150 6150
6160 6160
6170 6170
6180 6180
6190 6190
6200 6200
6210 6210
6220 6220
6230 6230
6240 6240
6250 6250
6260 6260
6270 6270
6280 6280
6290 6290
6300 6300
6310 6310
6320 6320
6330 6330
6340 6340
6350 6350
6360 6360
6370 6370
6380 6380
6390 6390
6400 6400
6410 6410
6420 6420
6430 6430
6440 6440
6450 6450
6460 6460
6470 6470
6480 6480
6490 6490
6500 6500
6510 6510
6520 6520
6530 6530
6540 6540
6550 6550
6560 6560
6570 6570
6580 6580
6590 6590
6600 6600
6610 6610
6620 6620
6630 6630
6640 6640
6650 6650
6660 6660
6670 6670
6680 6680
6690 6690
6700 6700
6710 6710
6720 6720
6730 6730
6740 6740
6750 6750
6760 6760
6770 6770
6780 6780
6790 6790
6800 6800
6810 6810
6820 6820
6830 6830
6840 6840
6850 6850
6860 6860
6870 6870
6880 6880
6890 6890
6900 6900
6910 6910
6920 6920
6930 6930
6940 6940
6950 6950
6960 6960
6970 6970
6980 6980
6990 6990
7000 7000
7010 7010
7020 7020
7030 7030
7040 7040
7050 7050
7060 7060
7070 7070
7080 7080
7090 7090
7100 7100
7110 7110
7120 7120
7130 7130
7140 7140
7150 7150
7160 7160
7170 7170
7180 7180
7190 7190
7200 7200
7210 7210
7220 7220
7230 7230
7240 7240
7250 7250
7260 7260
7270 7270
7280 7280
7290 7290
7300 7300
7310 7310
7320 7320
7330 7330
7340 7340
7350 7350
7360 7360
7370 7370
7380 7380
7390 7390
7400 7400
7410 7410
7420 7420
7430 7430
7440 7440
7450 7450
7460 7460
7470 7470
7480 7480
7490 7490
7500 7500
7510 7510
7520 7520
7530 7530
7540 7540
7550 7550
7560 7560
7570 7570
7580 7580
7590 7590
7600 7600
7610 7610
7620 7620
7630 7630
7640 7640
7650 7650
7660 7660
7670 7670
7680 7680
7690 7690
7700 7700
7710 7710
7720 7720
7730 7730
7740 7740
7750 7750
7760 7760
7770 7770
7780 7780
7790 7790
7800 7800
7810 7810
7820 7820
7830 7830
7840 7840
7850 7850
7860 7860
7870 7870
7880 7880
7890 7890
7900 7900
7910 7910
7920 7920
7930 7930
7940 7940
7950 7950
7960 7960
7970 7970
7980 7980
7990 7990
8000 8000
8010 8010
8020 8020
8030 8030
8040 8040
8050 8050
8060 8060
8070 8070
8080 8080
8090 8090
8100 8100
8110 8110
8120 8120
8130 8130
8140 8140
8150 8150
8160 8160
8170 8170
8180 8180
8190 8190
8200 8200
8210 8210
8220 8220
8230 8230
8240 8240
8250 8250
8260 8260
8270 8270
8280 8280
8290 8290
8300 8300
8310 8310
8320 8320
8330 8330
8340 8340
8350 8350
8360 8360
8370 8370
8380 8380
8390 8390
8400 8400
8410 8410
8420 8420
8430 8430
8440 8440
8450 8450
8460 8460
8470 8470
8480 8480
8490 8490
8500 8500
8510 8510
8520 8520
8530 8530
8540 8540
8550 8550
8560 8560
8570 8570
8580 8580
8590 8590
8600 8600
8610 8610
8620 8620
8630 8630
8640 8640
8650 8650
8660 8660
8670 8670
8680 8680
8690 8690
8700 8700
8710 8710
8720 8720
8730 8730
8740 8740
8750 8750
8760 8760
8770 8770
8780 8780
8790 8790
8800 8800
8810 8810
8820 8820
8830 8830
8840 8840
8850 8850
8860 8860
8870 8870
8880 8880
8890 8890
8900 8900
8910 8910
8920 8920
8930 8930
8940 8940
8950 8950
8960 8960
8970 8970
8980 8980
8990 8990
9000 9000
9010 9010
9020 9020
9030 9030
9040 9040
9050 9050
9060 9060
9070 9070
9080 9080
9090 9090
9100 9100
9110 9110
9120 9120
9130 9130
9140 9140
9150 9150
9160 9160
9170 9170
9180 9180
9190 9190
9200 9200
9210 9210
9220 9220
9230 9230
9240 9240
9250 9250
9260 9260
9270 9270
9280 9280
9290 9290
9300 9300
9310 9310
9320 9320
9330 9330
9340 9340
9350 9350
9360 9360
9370 9370
9380 9380
9390 9390
9400 9400
9410 9410
9420 9420
9430 9430
9440 9440
9450 9450
9460 9460
9470 9470
9480 9480
9490 9490
9500 9500
9510 9510
9520 9520
9530 9530
9540 9540
9550 9550
9560 9560
9570 9570
9580 9580
9590 9590
9600 9600
9610 9610
9620 9620
9630 9630
9640 9640
9650 9650
9660 9660
9670 9670
9680 9680
9690 9690
9700 9700
9710 9710
9720 9720
9730 9730
9740 9740
9750 9750
9760 9760
9770 9770
9780 9780
9790 9790
9800 9800
9810 9810
9820 9820
9830 9830
9840 9840
9850 9850
9860 9860
9870 9870
9880 9880
9890 9890
9900 9900
9910 9910
9920 9920
9930 9930
9940 9940
9950 9950
9960 9960
9970 9970
9980 9980
9990 9990
10000 10000
10010 10010
10020 10020
10030 10030
10040 10040
10050 10050
10060 10060
10070 10070
10080 10080
10090 10090
10100 10100
10110 10110
10120 10120
10130 10130
10140 10140
10150 10150
10160 10160
10170 10170
10180 10180
10190 10190
10200 10200
10210 10210
10220 10220
10230 10230
10240 10240
10250 10250
10260 10260
10270 10270
10280 10280
10290 10290
10300 10300
10310 10310
10320 10320
10330 10330
10340 10340
10350 10350
10360 10360
10370 10370
10380 10380
10390 10390
10400 10400
10410 10410
10420 10420
10430 10430
10440 10440
10450 10450
10460 10460
10470 10470
10480 10480
10490 10490
10500 10500
10510 10510
10520 10520
10530 10530
10540 10540
10550 10550
10560 10560
10570 10570
10580 10580
10590 10590
10600 10600
10610 10610
10620 10620
10630 10630
10640 10640
10650 10650
10660 10660
10670 10670
10680 10680
10690 10690
10700 10700
10710 10710
10720 10720
10730 10730
10740 10740
10750 10750
10760 10760
10770 10770
10780 10780
10790 10790
10800 10800
10810 10810
10820 10820
10830 10830
10840 10840
10850 10850
10860 10860
10870 10870
10880 10880
10890 10890
10900 10900
10910 10910
10920 10920
10930 10930
10940 10940
10950 10950
10960 10960
10970 10970
10980 10980
10990 10990
11000 11000
11010 11010
11020 11020
11030 11030
11040 11040
11050 11050
11060 11060
11070 11070
11080 11080
11090 11090
11100 11100
11110 11110
11120 11120
11130 11130
11140 11140
11150 11150
11160 11160
11170 11170
11180 11180
11190 11190
11200 11200
11210 11210
11220 11220
11230 11230
11240 11240
11250 11250
11260 11260
11270 11270
11280 11280
11290 11290
11300 11300
11310 11310
11320 11320
11330 11330
11340 11340
11350 11350
11360 11360
11370 11370
11380 11380
11390 11390
11400 11400
11410 11410
11420 11420
11430 11430
11440 11440
11450 11450
11460 11460
11470 11470
11480 11480
11490 11490
11500 11500
11510 11510
11520 11520
11530 11530
11540 11540
11550 11550
11560 11560
11570 11570
11580 11580
11590 11590
11600 11600
11610 11610
11620 11620
11630 11630
11640 11640
11650 11650
11660 11660
11670 11670
11680 11680
11690 11690
11700 11700
11710 11710
11720 11720
11730 11730
11740 11740
11750 11750
11760 11760
11770 11770
11780 11780
11790 11790
11800 11800
11810 11810
11820 11820
11830 11830
11840 11840
11850 11850
11860 11860
11870 11870
11880 11880
11890 11890
11900 11900
11910 11910
11920 11920
11930 11930
11940 11940
11950 11950
11960 11960
11970 11970
11980 11980
11990 11990
12000 12000
12010 12010
12020 12020
12030 12030
12040 12040
12050 12050
12060 12060
12070 12070
12080 12080
12090 12090
12100 12100
12110 12110
12120 12120
12130 12130
12140 12140
12150 12150
12160 12160
12170 12170
12180 12180
12190 12190
12200 12200
12210 12210
12220 12220
12230 12230
12240 12240
12250 12250
12260 12260
12270 12270
12280 12280
12290 12290
12300 12300
12310 12310
12320 12320
12330 12330
12340 12340
12350 12350
12360 12360
12370 12370
12380 12380
12390 12390
12400 12400
12410 12410
12420 12420
12430 12430
12440 12440
12450 12450
12460 12460
12470 12470
12480 12480
12490 12490
12500 12500
12510 12510
12520 12520
12530 12530
12540 12540
12550 12550
12560 12560
12570 12570
12580 12580
12590 12590
12600 12600
12610 12610
12620 12620
12630 12630
12640 12640
12650 12650
12660 12660
12670 12670
12680 12680
12690 12690
12700 12700
12710 12710
12720 12720
12730 12730
12740 12740
12750 12750
12760 12760
12770 12770
12780 12780
12790 12790
12800 12800
12810 12810
12820 12820
12830 12830
12840 12840
12850 12850
12860 12860
12870 12870
12880 12880
12890 12890
12900 12900
12910 12910
12920 12920
12930 12930
12940 12940
12950 12950
12960 12960
12970 12970
12980 12980
12990 12990
13000 13000
13010 13010
13020 13020
13030 13030
13040 13040
13050 13050
13060 13060
13070 13070
13080 13080
13090 13090
13100 13100
13110 13110
13120 13120
13130 13130
13140 13140
13150 13150
13160 13160
13170 13170
13180 13180
13190 13190
13200 13200
13210 13210
13220 13220
13230 13230
13240 13240
13250 13250
13260 13260
13270 13270
13280 13280
13290 13290
13300 13300
13310 13310
13320 13320
13330 13330
13340 13340
13350 13350
13360 13360
13370 13370
13380 13380
13390 13390
13400 13400
13410 13410
13420 13420
13430 13430
13440 13440
13450 13450
13460 13460
13470 13470
13480 13480
13490 13490
13500 13500
13510 13510
13520 13520
13530 13530
13540 13540
13550 13550
13560 13560
13570 13570
13580 13580
13590 13590
13600 13600
13610 13610
13620 13620
13630 13630
13640 13640
13650 13650
13660 13660
13670 13670
13680 13680
13690 13690
13700 13700
13710 13710
13720 13720
13730 13730
13740 13740
13750 13750
13760 13760
13770 13770
13780 13780
13790 13790
13800 13800
13810 13810
13820 13820
13830 13830
13840 13840
13850 13850
13860 13860
13870 13870
13880 13880
13890 13890
13900 13900
13910 13910
13920 13920
13930 13930
13940 13940
13950 13950
13960 13960
13970 13970
13980 13980
13990 13990
14000 14000
14010 14010
14020 14020
14030 14030
14040 14040
14050 14050
14060 14060
14070 14070
14080 14080
14090 14090
14100 14100
14110 14110
14120 14120
14130 14130
14140 14140
14150 14150
14160 14160
14170 14170
14180 14180
14190 14190
14200 14200
14210 14210
14220 14220
14230 14230
14240 14240
14250 14250
14260 14260
14270 14270
14280 14280
14290 14290
14300 14300
14310 14310
14320 14320
14330 14330
14340 14340
14350 14350
14360 14360
14370 14370
14380 14380
14390 14390
14400 14400
14410 14410
14420 14420
14430 14430
14440 14440
14450 14450
14460 14460
14470 14470
14480 14480
14490 14490
14500 14500
14510 14510
14520 14520
14530 14530
14540 14540
14550 14550
14560 14560
14570 14570
14580 14580
14590 14590
14600 14600
14610 14610
14620 14620
14630 14630
14640 14640
14650 14650
14660 14660
14670 14670
14680 14680
14690 14690
14700 14700
14710 14710
14720 14720
14730 14730
14740 14740
14750 14750
14760 14760
14770 14770
14780 14780
14790 14790
14800 14800
14810 14810
14820 14820
14830 14830
14840 14840
14850 14850
14860 14860
14870 14870
14880 14880
14890 14890
14900 14900
14910 14910
14920 14920
14930 14930
14940 14940
14950 14950
14960 14960
14970 14970
14980 14980
14990 14990
15000 15000
15010 15010
15020 15020
15030 15030
15040 15040
15050 15050
15060 15060
15070 15070
15080 15080
15090 15090
15100 15100
15110 15110
15120 15120
15130 15130
15140 15140
15150 15150
15160 15160
15170 15170
15180 15180
15190 15190
15200 15200
15210 15210
15220 15220
15230 15230
15240 15240
15250 15250
15260 15260
15270 15270
15280 15280
15290 15290
15300 15300
15310 15310
15320 15320
15330 15330
15340 15340
15350 15350
15360 15360
15370 15370
15380 15380
15390 15390
15400 15400
15410 15410
15420 15420
15430 15430
15440 15440
15450 15450
15460 15460
15470 15470
15480 15480
15490 15490
15500 15500
15510 15510
15520 15520
15530 15530
15540 15540
15550 15550
15560 15560
15570 15570
15580 15580
15590 15590
15600 15600
15610 15610
15620 15620
15630 15630
15640 15640
15650 15650
15660 15660
15670 15670
15680 15680
15690 15690
15700 15700
15710 15710
15720 15720
15730 15730
15740 15740
15750 15750
15760 15760
15770 15770
15780 15780
15790 15790
15800 15800
15810 15810
15820 15820
15830 15830
15840 15840
15850 15850
15860 15860
15870 15870
15880 15880
15890 15890
15900 15900
15910 15910
15920 15920
15930 15930
15940 15940
15950 15950
15960 15960
15970 15970
15980 15980
15990 15990
16000 16000
16010 16010
16020 16020
16030 16030
16040 16040
16050 16050
16060 16060
16070 16070
16080 16080
16090 16090
16100 16100
16110 16110
16120 16120
16130 16130
16140 16140
16150 16150
16160 16160
16170 16170
16180 16180
16190 16190
16200 16200
16210 16210
16220 16220
16230 16230
16240 16240
16250 16250
16260 16260
16270 16270
16280 16280
16290 16290
16300 16300
16310 16310
16320 16320
16330 16330
16340 16340
16350 16350
16360 16360
16370 16370
16380 16380
16390 16390
16400 16400
16410 16410
16420 16420
16430 16430
16440 16440
16450 16450
16460 16460
16470 16470
16480 16480
16490 16490
16500 16500
16510 16510
16520 16520
16530 16530
16540 16540
16550 16550
16560 16560
16570 16570
16580 16580
16590 16590
16600 16600
16610 16610
16620 16620
16630 16630
16640 16640
16650 16650
16660 16660
16670 16670
16680 16680
16690 16690
16700 16700
16710 16710
16720 16720
16730 16730
16740 16740
16750 16750
16760 16760
16770 16770
16780 16780
16790 16790
16800 16800
16810 16810
16820 16820
16830 16830
16840 16840
16850 16850
16860 16860
16870 16870
16880 16880
16890 16890
16900 16900
16910 16910
16920 16920
16930 16930
16940 16940
16950 16950
16960 16960
16970 16970
16980 16980
16990 16990
17000 17000
17010 17010
17020 17020
17030 17030
17040 17040
17050 17050
17060 17060
17070 17070
17080 17080
17090 17090
17100 17100
17110 17110
17120 17120
17130 17130
17140 17140
17150 17150
17160 17160
17170 17170
17180 17180
17190 17190
17200 17200
17210 17210
17220 17220
17230 17230
17240 17240
17250 17250
17260 17260
17270 17270
17280 17280
17290 17290
17300 17300
17310 17310
17320 17320
17330 17330
17340 17340
17350 17350
17360 17360
17370 17370
17380 17380
17390 17390
17400 17400
17410 17410
17420 17420
17430 17430
17440 17440
17450 17450
17460 17460
17470 17470
17480 17480
17490 17490
17500 17500
17510 17510
17520 17520
17530 17530
17540 17540
17550 17550
17560 17560
17570 17570
17580 17580
17590 17590
17600 17600
17610 17610
17620 17620
17630 17630
17640 17640
17650 17650
17660 17660
17670 17670
17680 17680
17690 17690
17700 17700
17710 17710
17720 17720
17730 17730
17740 17740
17750 17750
17760 17760
17770 17770
17780 17780
17790 17790
17800 17800
17810 17810
17820 17820
17830 17830
17840 17840
17850 17850
17860 17860
17870 17870
17880 17880
17890 17890
17900 17900
17910 17910
17920 17920
17930 17930
17940 17940
17950 17950
17960 17960
17970 17970
17980 17980
17990 17990
18000 18000
18010 18010
18020 18020
18030 18030
18040 18040
18050 18050
18060 18060
18070 18070
18080 18080
18090 18090
18100 18100
18110 18110
18120 18120
18130 18130
18140 18140
18150 18150
18160 18160
18170 18170
18180 18180
18190 18190
18200 18200
18210 18210
18220 18220
18230 18230
18240 18240
18250 18250
18260 18260
18270 18270
18280 18280
18290 18290
18300 18300
18310 18310
18320 18320
18330 18330
18340 18340
18350 18350
18360 18360
18370 18370
18380 18380
18390 18390
18400 18400
18410 18410
18420 18420
18430 18430
18440 18440
18450 18450
18460 18460
18470 18470
18480 18480
18490 18490
18500 18500
18510 18510
18520 18520
18530 18530
18540 18540
18550 18550
18560 18560
18570 18570
18580 18580
18590 18590
18600 18600
18610 18610
18620 18620
18630 18630
18640 18640
18650 18650
18660 18660
18670 18670
18680 18680
18690 18690
18700 18700
18710 18710
18720 18720
18730 18730
18740 18740
18750 18750
18760 18760
18770 18770
18780 18780
18790 18790
18800 18800
18810 18810
18820 18820
18830 18830
18840 18840
18850 18850
18860 18860
18870 18870
18880 18880
18890 18890
18900 18900
18910 18910
18920 18920
18930 18930
18940 18940
18950 18950
18960 18960
18970 18970
18980 18980
18990 18990
19000 19000
19010 19010
19020 19020
19030 19030
19040 19040
19050 19050
19060 19060
19070 19070
19080 19080
19090 19090
19100 19100
19110 19110
19120 19120
19130 19130
19140 19140
19150 19150
19160 19160
19170 19170
19180 19180
19190 19190
19200 19200
19210 19210
19220 19220
19230 19230
19240 19240
19250 19250
19260 19260
19270 19270
19280 19280
19290 19290
19300 19300
19310 19310
19320 19320
19330 19330
19340 19340
19350 19350
19360 19360
19370 19370
19380 19380
19390 19390
19400 19400
19410 19410
19420 19420
19430 19430
19440 19440
19450 19450
19460 19460
19470 19470
19480 19480
19490 19490
19500 19500
19510 19510
19520 19520
19530 19530
19540 19540
19550 19550
19560 19560
19570 19570
19580 19580
19590 19590
19600 19600
19610 19610
19620 19620
19630 19630
19640 19640
19650 19650
19660 19660
19670 19670
19680 19680
19690 19690
19700 19700
19710 19710
19720 19720
19730 19730
19740 19740
19750 19750
19760 19760
19770 19770
19780 19780
19790 19790
19800 19800
19810 19810
19820 19820
19830 19830
19840 19840
19850 19850
19860 19860
19870 19870
19880 19880
19890 19890
19900 19900
19910 19910
19920 19920
19930 19930
19940 19940
19950 19950
19960 19960
19970 19970
19980 19980
19990 19990
